wall_time_iso,monotonic_s,t_elapsed_s,mode,countermeasure,raw_distance_cm,raw_distance_m,raw_signal_quality,filtered_distance_cm,filtered_distance_m,filtered_signal_quality,covariance,countermeasure_action,min_cm,max_cm
2026-05-11T02:22:28.438602,22151.339915,0.000010,oscillation,robust_fallback,250,2.5000,100,250,2.5000,100,1,median_filtered,5,4000
2026-05-11T02:22:28.457615,22151.359991,0.020086,oscillation,robust_fallback,259,2.5900,100,254,2.5400,100,1,median_filtered,5,4000
2026-05-11T02:22:28.477680,22151.380021,0.040116,oscillation,robust_fallback,269,2.6900,100,259,2.5900,100,1,median_filtered,5,4000
2026-05-11T02:22:28.497617,22151.399990,0.060085,oscillation,robust_fallback,278,2.7800,100,264,2.6400,100,1,median_filtered,5,4000
2026-05-11T02:22:28.517603,22151.419991,0.080086,oscillation,robust_fallback,287,2.8700,100,269,2.6900,100,1,median_filtered,5,4000
2026-05-11T02:22:28.537566,22151.439991,0.100086,oscillation,robust_fallback,296,2.9600,100,278,2.7800,100,1,median_filtered,5,4000
2026-05-11T02:22:28.557551,22151.459988,0.120083,oscillation,robust_fallback,305,3.0500,100,287,2.8700,100,1,median_filtered,5,4000
2026-05-11T02:22:28.577555,22151.479989,0.140084,oscillation,robust_fallback,314,3.1400,100,296,2.9600,100,1,median_filtered,5,4000
2026-05-11T02:22:28.597558,22151.499987,0.160083,oscillation,robust_fallback,322,3.2200,100,305,3.0500,100,1,median_filtered,5,4000
2026-05-11T02:22:28.617510,22151.519981,0.180076,oscillation,robust_fallback,330,3.3000,100,314,3.1400,100,1,median_filtered,5,4000
2026-05-11T02:22:28.637581,22151.540023,0.200118,oscillation,robust_fallback,338,3.3800,100,322,3.2200,100,1,median_filtered,5,4000
2026-05-11T02:22:28.657549,22151.559991,0.220086,oscillation,robust_fallback,346,3.4600,100,330,3.3000,100,1,median_filtered,5,4000
2026-05-11T02:22:28.677648,22151.579994,0.240089,oscillation,robust_fallback,353,3.5300,100,338,3.3800,100,1,median_filtered,5,4000
2026-05-11T02:22:28.697593,22151.599991,0.260086,oscillation,robust_fallback,359,3.5900,100,346,3.4600,100,1,median_filtered,5,4000
2026-05-11T02:22:28.717589,22151.619990,0.280085,oscillation,robust_fallback,366,3.6600,100,353,3.5300,100,1,median_filtered,5,4000
2026-05-11T02:22:28.737602,22151.639993,0.300088,oscillation,robust_fallback,371,3.7100,100,359,3.5900,100,1,median_filtered,5,4000
2026-05-11T02:22:28.757651,22151.659982,0.320077,oscillation,robust_fallback,377,3.7700,100,366,3.6600,100,1,median_filtered,5,4000
2026-05-11T02:22:28.777601,22151.679991,0.340086,oscillation,robust_fallback,381,3.8100,100,371,3.7100,100,1,median_filtered,5,4000
2026-05-11T02:22:28.797554,22151.699990,0.360085,oscillation,robust_fallback,386,3.8600,100,377,3.7700,100,1,median_filtered,5,4000
2026-05-11T02:22:28.817775,22151.719994,0.380089,oscillation,robust_fallback,389,3.8900,100,381,3.8100,100,1,median_filtered,5,4000
2026-05-11T02:22:28.837880,22151.740026,0.400121,oscillation,robust_fallback,393,3.9300,100,386,3.8600,100,1,median_filtered,5,4000
2026-05-11T02:22:28.857588,22151.759989,0.420084,oscillation,robust_fallback,395,3.9500,100,389,3.8900,100,1,median_filtered,5,4000
2026-05-11T02:22:28.877586,22151.779993,0.440088,oscillation,robust_fallback,397,3.9700,100,393,3.9300,100,1,median_filtered,5,4000
2026-05-11T02:22:28.897569,22151.799992,0.460087,oscillation,robust_fallback,399,3.9900,100,395,3.9500,100,1,median_filtered,5,4000
2026-05-11T02:22:28.917601,22151.819992,0.480087,oscillation,robust_fallback,400,4.0000,100,397,3.9700,100,1,median_filtered,5,4000
2026-05-11T02:22:28.937561,22151.839988,0.500083,oscillation,robust_fallback,400,4.0000,100,399,3.9900,100,1,median_filtered,5,4000
2026-05-11T02:22:28.957559,22151.860017,0.520112,oscillation,robust_fallback,400,4.0000,100,400,4.0000,100,1,median_filtered,5,4000
2026-05-11T02:22:28.977510,22151.879987,0.540082,oscillation,robust_fallback,399,3.9900,100,400,4.0000,100,1,median_filtered,5,4000
2026-05-11T02:22:28.997586,22151.900018,0.560113,oscillation,robust_fallback,397,3.9700,100,400,4.0000,100,1,median_filtered,5,4000
2026-05-11T02:22:29.017580,22151.920019,0.580114,oscillation,robust_fallback,395,3.9500,100,399,3.9900,100,1,median_filtered,5,4000
2026-05-11T02:22:29.037518,22151.939986,0.600081,oscillation,robust_fallback,393,3.9300,100,397,3.9700,100,1,median_filtered,5,4000
2026-05-11T02:22:29.057525,22151.959985,0.620080,oscillation,robust_fallback,389,3.8900,100,395,3.9500,100,1,median_filtered,5,4000
2026-05-11T02:22:29.077540,22151.979980,0.640075,oscillation,robust_fallback,386,3.8600,100,393,3.9300,100,1,median_filtered,5,4000
2026-05-11T02:22:29.097481,22151.999980,0.660075,oscillation,robust_fallback,381,3.8100,100,389,3.8900,100,1,median_filtered,5,4000
2026-05-11T02:22:29.117483,22152.019980,0.680075,oscillation,robust_fallback,377,3.7700,100,386,3.8600,100,1,median_filtered,5,4000
2026-05-11T02:22:29.137530,22152.039985,0.700080,oscillation,robust_fallback,371,3.7100,100,381,3.8100,100,1,median_filtered,5,4000
2026-05-11T02:22:29.157651,22152.059985,0.720080,oscillation,robust_fallback,366,3.6600,100,377,3.7700,100,1,median_filtered,5,4000
2026-05-11T02:22:29.177520,22152.079984,0.740079,oscillation,robust_fallback,359,3.5900,100,371,3.7100,100,1,median_filtered,5,4000
2026-05-11T02:22:29.197502,22152.100010,0.760105,oscillation,robust_fallback,353,3.5300,100,366,3.6600,100,1,median_filtered,5,4000
2026-05-11T02:22:29.217568,22152.119990,0.780085,oscillation,robust_fallback,346,3.4600,100,359,3.5900,100,1,median_filtered,5,4000
2026-05-11T02:22:29.237619,22152.139993,0.800088,oscillation,robust_fallback,338,3.3800,100,353,3.5300,100,1,median_filtered,5,4000
2026-05-11T02:22:29.257790,22152.160031,0.820126,oscillation,robust_fallback,330,3.3000,100,346,3.4600,100,1,median_filtered,5,4000
2026-05-11T02:22:29.277537,22152.179983,0.840078,oscillation,robust_fallback,322,3.2200,100,338,3.3800,100,1,median_filtered,5,4000
2026-05-11T02:22:29.297622,22152.199986,0.860081,oscillation,robust_fallback,314,3.1400,100,330,3.3000,100,1,median_filtered,5,4000
2026-05-11T02:22:29.317607,22152.219988,0.880083,oscillation,robust_fallback,305,3.0500,100,322,3.2200,100,1,median_filtered,5,4000
2026-05-11T02:22:29.337545,22152.239986,0.900081,oscillation,robust_fallback,296,2.9600,100,314,3.1400,100,1,median_filtered,5,4000
2026-05-11T02:22:29.357533,22152.259988,0.920083,oscillation,robust_fallback,287,2.8700,100,305,3.0500,100,1,median_filtered,5,4000
2026-05-11T02:22:29.377530,22152.279985,0.940080,oscillation,robust_fallback,278,2.7800,100,296,2.9600,100,1,median_filtered,5,4000
2026-05-11T02:22:29.397528,22152.299986,0.960081,oscillation,robust_fallback,269,2.6900,100,287,2.8700,100,1,median_filtered,5,4000
2026-05-11T02:22:29.417519,22152.319987,0.980082,oscillation,robust_fallback,259,2.5900,100,278,2.7800,100,1,median_filtered,5,4000
2026-05-11T02:22:29.437546,22152.339987,1.000082,oscillation,robust_fallback,250,2.5000,100,269,2.6900,100,1,median_filtered,5,4000
2026-05-11T02:22:29.457535,22152.359985,1.020080,oscillation,robust_fallback,241,2.4100,100,259,2.5900,100,1,median_filtered,5,4000
2026-05-11T02:22:29.477508,22152.379984,1.040079,oscillation,robust_fallback,231,2.3100,100,250,2.5000,100,1,median_filtered,5,4000
2026-05-11T02:22:29.497555,22152.400018,1.060114,oscillation,robust_fallback,222,2.2200,100,241,2.4100,100,1,median_filtered,5,4000
2026-05-11T02:22:29.517554,22152.419992,1.080087,oscillation,robust_fallback,213,2.1300,100,231,2.3100,100,1,median_filtered,5,4000
2026-05-11T02:22:29.537506,22152.439983,1.100078,oscillation,robust_fallback,204,2.0400,100,222,2.2200,100,1,median_filtered,5,4000
2026-05-11T02:22:29.557500,22152.459981,1.120076,oscillation,robust_fallback,195,1.9500,100,213,2.1300,100,1,median_filtered,5,4000
2026-05-11T02:22:29.577597,22152.480011,1.140106,oscillation,robust_fallback,186,1.8600,100,204,2.0400,100,1,median_filtered,5,4000
2026-05-11T02:22:29.597506,22152.499990,1.160085,oscillation,robust_fallback,178,1.7800,100,195,1.9500,100,1,median_filtered,5,4000
2026-05-11T02:22:29.617554,22152.519991,1.180086,oscillation,robust_fallback,170,1.7000,100,186,1.8600,100,1,median_filtered,5,4000
2026-05-11T02:22:29.637565,22152.540015,1.200110,oscillation,robust_fallback,162,1.6200,100,178,1.7800,100,1,median_filtered,5,4000
2026-05-11T02:22:29.657443,22152.559974,1.220069,oscillation,robust_fallback,154,1.5400,100,170,1.7000,100,1,median_filtered,5,4000
2026-05-11T02:22:29.677498,22152.579978,1.240073,oscillation,robust_fallback,147,1.4700,100,162,1.6200,100,1,median_filtered,5,4000
2026-05-11T02:22:29.697531,22152.599983,1.260078,oscillation,robust_fallback,141,1.4100,100,154,1.5400,100,1,median_filtered,5,4000
2026-05-11T02:22:29.717583,22152.620015,1.280110,oscillation,robust_fallback,134,1.3400,100,147,1.4700,100,1,median_filtered,5,4000
2026-05-11T02:22:29.737628,22152.640010,1.300105,oscillation,robust_fallback,129,1.2900,100,141,1.4100,100,1,median_filtered,5,4000
2026-05-11T02:22:29.757523,22152.659982,1.320077,oscillation,robust_fallback,123,1.2300,100,134,1.3400,100,1,median_filtered,5,4000
2026-05-11T02:22:29.777497,22152.679980,1.340075,oscillation,robust_fallback,119,1.1900,100,129,1.2900,100,1,median_filtered,5,4000
2026-05-11T02:22:29.797482,22152.699979,1.360074,oscillation,robust_fallback,114,1.1400,100,123,1.2300,100,1,median_filtered,5,4000
2026-05-11T02:22:29.817542,22152.719983,1.380078,oscillation,robust_fallback,111,1.1100,100,119,1.1900,100,1,median_filtered,5,4000
2026-05-11T02:22:29.837532,22152.740011,1.400106,oscillation,robust_fallback,107,1.0700,100,114,1.1400,100,1,median_filtered,5,4000
2026-05-11T02:22:29.857476,22152.759980,1.420075,oscillation,robust_fallback,105,1.0500,100,111,1.1100,100,1,median_filtered,5,4000
2026-05-11T02:22:29.877548,22152.780016,1.440111,oscillation,robust_fallback,103,1.0300,100,107,1.0700,100,1,median_filtered,5,4000
2026-05-11T02:22:29.897633,22152.799986,1.460081,oscillation,robust_fallback,101,1.0100,100,105,1.0500,100,1,median_filtered,5,4000
2026-05-11T02:22:29.917574,22152.819991,1.480086,oscillation,robust_fallback,100,1.0000,100,103,1.0300,100,1,median_filtered,5,4000
2026-05-11T02:22:29.937511,22152.839982,1.500077,oscillation,robust_fallback,100,1.0000,100,101,1.0100,100,1,median_filtered,5,4000
2026-05-11T02:22:29.957507,22152.859981,1.520076,oscillation,robust_fallback,100,1.0000,100,100,1.0000,100,1,median_filtered,5,4000
2026-05-11T02:22:29.977578,22152.879993,1.540088,oscillation,robust_fallback,101,1.0100,100,100,1.0000,100,1,median_filtered,5,4000
2026-05-11T02:22:29.997541,22152.899995,1.560090,oscillation,robust_fallback,103,1.0300,100,100,1.0000,100,1,median_filtered,5,4000
2026-05-11T02:22:30.017507,22152.919984,1.580079,oscillation,robust_fallback,105,1.0500,100,101,1.0100,100,1,median_filtered,5,4000
2026-05-11T02:22:30.037499,22152.939982,1.600077,oscillation,robust_fallback,107,1.0700,100,103,1.0300,100,1,median_filtered,5,4000
2026-05-11T02:22:30.057605,22152.959992,1.620087,oscillation,robust_fallback,111,1.1100,100,105,1.0500,100,1,median_filtered,5,4000
2026-05-11T02:22:30.077526,22152.979983,1.640078,oscillation,robust_fallback,114,1.1400,100,107,1.0700,100,1,median_filtered,5,4000
2026-05-11T02:22:30.097531,22152.999982,1.660077,oscillation,robust_fallback,119,1.1900,100,111,1.1100,100,1,median_filtered,5,4000
2026-05-11T02:22:30.117521,22153.020014,1.680109,oscillation,robust_fallback,123,1.2300,100,114,1.1400,100,1,median_filtered,5,4000
2026-05-11T02:22:30.137691,22153.040006,1.700101,oscillation,robust_fallback,129,1.2900,100,119,1.1900,100,1,median_filtered,5,4000
2026-05-11T02:22:30.157510,22153.059983,1.720078,oscillation,robust_fallback,134,1.3400,100,123,1.2300,100,1,median_filtered,5,4000
2026-05-11T02:22:30.177484,22153.079980,1.740075,oscillation,robust_fallback,141,1.4100,100,129,1.2900,100,1,median_filtered,5,4000
2026-05-11T02:22:30.197458,22153.099977,1.760072,oscillation,robust_fallback,147,1.4700,100,134,1.3400,100,1,median_filtered,5,4000
2026-05-11T02:22:30.217492,22153.119981,1.780076,oscillation,robust_fallback,154,1.5400,100,141,1.4100,100,1,median_filtered,5,4000
2026-05-11T02:22:30.237534,22153.140015,1.800111,oscillation,robust_fallback,162,1.6200,100,147,1.4700,100,1,median_filtered,5,4000
2026-05-11T02:22:30.257497,22153.159976,1.820071,oscillation,robust_fallback,170,1.7000,100,154,1.5400,100,1,median_filtered,5,4000
2026-05-11T02:22:30.277503,22153.179980,1.840075,oscillation,robust_fallback,178,1.7800,100,162,1.6200,100,1,median_filtered,5,4000
2026-05-11T02:22:30.297452,22153.199974,1.860069,oscillation,robust_fallback,186,1.8600,100,170,1.7000,100,1,median_filtered,5,4000
2026-05-11T02:22:30.317638,22153.220020,1.880115,oscillation,robust_fallback,195,1.9500,100,178,1.7800,100,1,median_filtered,5,4000
2026-05-11T02:22:30.337600,22153.239994,1.900089,oscillation,robust_fallback,204,2.0400,100,186,1.8600,100,1,median_filtered,5,4000
2026-05-11T02:22:30.357551,22153.259989,1.920084,oscillation,robust_fallback,213,2.1300,100,195,1.9500,100,1,median_filtered,5,4000
2026-05-11T02:22:30.377537,22153.279985,1.940080,oscillation,robust_fallback,222,2.2200,100,204,2.0400,100,1,median_filtered,5,4000
2026-05-11T02:22:30.397617,22153.299995,1.960090,oscillation,robust_fallback,231,2.3100,100,213,2.1300,100,1,median_filtered,5,4000
2026-05-11T02:22:30.417499,22153.319983,1.980078,oscillation,robust_fallback,241,2.4100,100,222,2.2200,100,1,median_filtered,5,4000
2026-05-11T02:22:30.437543,22153.339984,2.000079,oscillation,robust_fallback,250,2.5000,100,231,2.3100,100,1,median_filtered,5,4000
2026-05-11T02:22:30.457517,22153.360012,2.020107,oscillation,robust_fallback,259,2.5900,100,241,2.4100,100,1,median_filtered,5,4000
2026-05-11T02:22:30.477597,22153.379978,2.040073,oscillation,robust_fallback,269,2.6900,100,250,2.5000,100,1,median_filtered,5,4000
2026-05-11T02:22:30.497569,22153.400018,2.060113,oscillation,robust_fallback,278,2.7800,100,259,2.5900,100,1,median_filtered,5,4000
2026-05-11T02:22:30.517534,22153.420014,2.080109,oscillation,robust_fallback,287,2.8700,100,269,2.6900,100,1,median_filtered,5,4000
2026-05-11T02:22:30.537510,22153.440008,2.100103,oscillation,robust_fallback,296,2.9600,100,278,2.7800,100,1,median_filtered,5,4000
2026-05-11T02:22:30.557507,22153.459982,2.120077,oscillation,robust_fallback,305,3.0500,100,287,2.8700,100,1,median_filtered,5,4000
2026-05-11T02:22:30.577515,22153.479982,2.140077,oscillation,robust_fallback,314,3.1400,100,296,2.9600,100,1,median_filtered,5,4000
2026-05-11T02:22:30.597552,22153.499989,2.160084,oscillation,robust_fallback,322,3.2200,100,305,3.0500,100,1,median_filtered,5,4000
2026-05-11T02:22:30.617581,22153.519988,2.180083,oscillation,robust_fallback,330,3.3000,100,314,3.1400,100,1,median_filtered,5,4000
2026-05-11T02:22:30.637573,22153.539992,2.200087,oscillation,robust_fallback,338,3.3800,100,322,3.2200,100,1,median_filtered,5,4000
2026-05-11T02:22:30.657511,22153.559981,2.220076,oscillation,robust_fallback,346,3.4600,100,330,3.3000,100,1,median_filtered,5,4000
2026-05-11T02:22:30.677556,22153.579986,2.240081,oscillation,robust_fallback,353,3.5300,100,338,3.3800,100,1,median_filtered,5,4000
2026-05-11T02:22:30.697563,22153.599990,2.260085,oscillation,robust_fallback,359,3.5900,100,346,3.4600,100,1,median_filtered,5,4000
2026-05-11T02:22:30.717562,22153.619984,2.280079,oscillation,robust_fallback,366,3.6600,100,353,3.5300,100,1,median_filtered,5,4000
2026-05-11T02:22:30.737546,22153.639986,2.300081,oscillation,robust_fallback,371,3.7100,100,359,3.5900,100,1,median_filtered,5,4000
2026-05-11T02:22:30.757556,22153.659987,2.320082,oscillation,robust_fallback,377,3.7700,100,366,3.6600,100,1,median_filtered,5,4000
2026-05-11T02:22:30.777575,22153.680013,2.340108,oscillation,robust_fallback,381,3.8100,100,371,3.7100,100,1,median_filtered,5,4000
2026-05-11T02:22:30.797533,22153.699988,2.360083,oscillation,robust_fallback,386,3.8600,100,377,3.7700,100,1,median_filtered,5,4000
2026-05-11T02:22:30.817578,22153.719990,2.380085,oscillation,robust_fallback,389,3.8900,100,381,3.8100,100,1,median_filtered,5,4000
2026-05-11T02:22:30.837554,22153.739987,2.400082,oscillation,robust_fallback,393,3.9300,100,386,3.8600,100,1,median_filtered,5,4000
2026-05-11T02:22:30.857529,22153.760013,2.420108,oscillation,robust_fallback,395,3.9500,100,389,3.8900,100,1,median_filtered,5,4000
2026-05-11T02:22:30.877567,22153.779987,2.440082,oscillation,robust_fallback,397,3.9700,100,393,3.9300,100,1,median_filtered,5,4000
2026-05-11T02:22:30.897582,22153.800011,2.460106,oscillation,robust_fallback,399,3.9900,100,395,3.9500,100,1,median_filtered,5,4000
2026-05-11T02:22:30.917509,22153.819982,2.480077,oscillation,robust_fallback,400,4.0000,100,397,3.9700,100,1,median_filtered,5,4000
2026-05-11T02:22:30.937574,22153.840015,2.500110,oscillation,robust_fallback,400,4.0000,100,399,3.9900,100,1,median_filtered,5,4000
2026-05-11T02:22:30.957524,22153.860012,2.520107,oscillation,robust_fallback,400,4.0000,100,400,4.0000,100,1,median_filtered,5,4000
2026-05-11T02:22:30.977711,22153.880017,2.540112,oscillation,robust_fallback,399,3.9900,100,400,4.0000,100,1,median_filtered,5,4000
2026-05-11T02:22:30.997525,22153.900014,2.560109,oscillation,robust_fallback,397,3.9700,100,400,4.0000,100,1,median_filtered,5,4000
2026-05-11T02:22:31.017518,22153.919982,2.580077,oscillation,robust_fallback,395,3.9500,100,399,3.9900,100,1,median_filtered,5,4000
2026-05-11T02:22:31.037565,22153.939990,2.600085,oscillation,robust_fallback,393,3.9300,100,397,3.9700,100,1,median_filtered,5,4000
2026-05-11T02:22:31.057553,22153.959988,2.620083,oscillation,robust_fallback,389,3.8900,100,395,3.9500,100,1,median_filtered,5,4000
2026-05-11T02:22:31.077568,22153.979991,2.640086,oscillation,robust_fallback,386,3.8600,100,393,3.9300,100,1,median_filtered,5,4000
2026-05-11T02:22:31.097485,22153.999981,2.660076,oscillation,robust_fallback,381,3.8100,100,389,3.8900,100,1,median_filtered,5,4000
2026-05-11T02:22:31.117456,22154.019974,2.680069,oscillation,robust_fallback,377,3.7700,100,386,3.8600,100,1,median_filtered,5,4000
2026-05-11T02:22:31.137524,22154.039984,2.700079,oscillation,robust_fallback,371,3.7100,100,381,3.8100,100,1,median_filtered,5,4000
2026-05-11T02:22:31.157546,22154.059989,2.720084,oscillation,robust_fallback,366,3.6600,100,377,3.7700,100,1,median_filtered,5,4000
2026-05-11T02:22:31.177485,22154.079979,2.740074,oscillation,robust_fallback,359,3.5900,100,371,3.7100,100,1,median_filtered,5,4000
2026-05-11T02:22:31.197490,22154.099979,2.760074,oscillation,robust_fallback,353,3.5300,100,366,3.6600,100,1,median_filtered,5,4000
2026-05-11T02:22:31.217552,22154.119990,2.780085,oscillation,robust_fallback,346,3.4600,100,359,3.5900,100,1,median_filtered,5,4000
2026-05-11T02:22:31.237717,22154.140005,2.800101,oscillation,robust_fallback,338,3.3800,100,353,3.5300,100,1,median_filtered,5,4000
2026-05-11T02:22:31.257565,22154.159992,2.820087,oscillation,robust_fallback,330,3.3000,100,346,3.4600,100,1,median_filtered,5,4000
2026-05-11T02:22:31.277541,22154.179985,2.840080,oscillation,robust_fallback,322,3.2200,100,338,3.3800,100,1,median_filtered,5,4000
2026-05-11T02:22:31.297535,22154.199984,2.860079,oscillation,robust_fallback,314,3.1400,100,330,3.3000,100,1,median_filtered,5,4000
2026-05-11T02:22:31.317550,22154.219991,2.880086,oscillation,robust_fallback,305,3.0500,100,322,3.2200,100,1,median_filtered,5,4000
2026-05-11T02:22:31.337495,22154.239980,2.900075,oscillation,robust_fallback,296,2.9600,100,314,3.1400,100,1,median_filtered,5,4000
2026-05-11T02:22:31.357531,22154.259989,2.920084,oscillation,robust_fallback,287,2.8700,100,305,3.0500,100,1,median_filtered,5,4000
2026-05-11T02:22:31.377552,22154.279990,2.940085,oscillation,robust_fallback,278,2.7800,100,296,2.9600,100,1,median_filtered,5,4000
2026-05-11T02:22:31.397470,22154.300005,2.960100,oscillation,robust_fallback,269,2.6900,100,287,2.8700,100,1,median_filtered,5,4000
2026-05-11T02:22:31.417487,22154.319979,2.980074,oscillation,robust_fallback,259,2.5900,100,278,2.7800,100,1,median_filtered,5,4000
2026-05-11T02:22:31.437577,22154.339992,3.000087,oscillation,robust_fallback,250,2.5000,100,269,2.6900,100,1,median_filtered,5,4000
2026-05-11T02:22:31.457486,22154.359984,3.020079,oscillation,robust_fallback,241,2.4100,100,259,2.5900,100,1,median_filtered,5,4000
2026-05-11T02:22:31.477505,22154.379982,3.040077,oscillation,robust_fallback,231,2.3100,100,250,2.5000,100,1,median_filtered,5,4000
2026-05-11T02:22:31.497495,22154.399980,3.060075,oscillation,robust_fallback,222,2.2200,100,241,2.4100,100,1,median_filtered,5,4000
2026-05-11T02:22:31.517516,22154.419982,3.080077,oscillation,robust_fallback,213,2.1300,100,231,2.3100,100,1,median_filtered,5,4000
2026-05-11T02:22:31.537518,22154.439983,3.100078,oscillation,robust_fallback,204,2.0400,100,222,2.2200,100,1,median_filtered,5,4000
2026-05-11T02:22:31.557554,22154.459991,3.120086,oscillation,robust_fallback,195,1.9500,100,213,2.1300,100,1,median_filtered,5,4000
2026-05-11T02:22:31.577495,22154.479984,3.140079,oscillation,robust_fallback,186,1.8600,100,204,2.0400,100,1,median_filtered,5,4000
2026-05-11T02:22:31.597558,22154.500019,3.160114,oscillation,robust_fallback,178,1.7800,100,195,1.9500,100,1,median_filtered,5,4000
2026-05-11T02:22:31.617538,22154.519984,3.180079,oscillation,robust_fallback,170,1.7000,100,186,1.8600,100,1,median_filtered,5,4000
2026-05-11T02:22:31.637529,22154.539989,3.200084,oscillation,robust_fallback,162,1.6200,100,178,1.7800,100,1,median_filtered,5,4000
2026-05-11T02:22:31.657584,22154.559994,3.220089,oscillation,robust_fallback,154,1.5400,100,170,1.7000,100,1,median_filtered,5,4000
2026-05-11T02:22:31.677543,22154.579987,3.240082,oscillation,robust_fallback,147,1.4700,100,162,1.6200,100,1,median_filtered,5,4000
2026-05-11T02:22:31.697510,22154.599983,3.260078,oscillation,robust_fallback,141,1.4100,100,154,1.5400,100,1,median_filtered,5,4000
2026-05-11T02:22:31.717513,22154.620010,3.280105,oscillation,robust_fallback,134,1.3400,100,147,1.4700,100,1,median_filtered,5,4000
2026-05-11T02:22:31.737489,22154.639978,3.300073,oscillation,robust_fallback,129,1.2900,100,141,1.4100,100,1,median_filtered,5,4000
2026-05-11T02:22:31.757488,22154.659972,3.320067,oscillation,robust_fallback,123,1.2300,100,134,1.3400,100,1,median_filtered,5,4000
2026-05-11T02:22:31.777577,22154.679991,3.340086,oscillation,robust_fallback,119,1.1900,100,129,1.2900,100,1,median_filtered,5,4000
2026-05-11T02:22:31.797544,22154.699989,3.360084,oscillation,robust_fallback,114,1.1400,100,123,1.2300,100,1,median_filtered,5,4000
2026-05-11T02:22:31.817517,22154.719991,3.380086,oscillation,robust_fallback,111,1.1100,100,119,1.1900,100,1,median_filtered,5,4000
2026-05-11T02:22:31.837550,22154.740041,3.400136,oscillation,robust_fallback,107,1.0700,100,114,1.1400,100,1,median_filtered,5,4000
2026-05-11T02:22:31.857497,22154.759981,3.420076,oscillation,robust_fallback,105,1.0500,100,111,1.1100,100,1,median_filtered,5,4000
2026-05-11T02:22:31.877528,22154.779987,3.440082,oscillation,robust_fallback,103,1.0300,100,107,1.0700,100,1,median_filtered,5,4000
2026-05-11T02:22:31.897560,22154.799989,3.460084,oscillation,robust_fallback,101,1.0100,100,105,1.0500,100,1,median_filtered,5,4000
2026-05-11T02:22:31.917482,22154.819988,3.480083,oscillation,robust_fallback,100,1.0000,100,103,1.0300,100,1,median_filtered,5,4000
2026-05-11T02:22:31.937534,22154.839983,3.500078,oscillation,robust_fallback,100,1.0000,100,101,1.0100,100,1,median_filtered,5,4000
2026-05-11T02:22:31.957535,22154.859988,3.520083,oscillation,robust_fallback,100,1.0000,100,100,1.0000,100,1,median_filtered,5,4000
2026-05-11T02:22:31.977768,22154.880019,3.540114,oscillation,robust_fallback,101,1.0100,100,100,1.0000,100,1,median_filtered,5,4000
2026-05-11T02:22:31.997509,22154.899981,3.560076,oscillation,robust_fallback,103,1.0300,100,100,1.0000,100,1,median_filtered,5,4000
2026-05-11T02:22:32.017531,22154.919989,3.580084,oscillation,robust_fallback,105,1.0500,100,101,1.0100,100,1,median_filtered,5,4000
2026-05-11T02:22:32.037551,22154.939990,3.600085,oscillation,robust_fallback,107,1.0700,100,103,1.0300,100,1,median_filtered,5,4000
2026-05-11T02:22:32.057576,22154.959991,3.620086,oscillation,robust_fallback,111,1.1100,100,105,1.0500,100,1,median_filtered,5,4000
2026-05-11T02:22:32.077548,22154.979990,3.640085,oscillation,robust_fallback,114,1.1400,100,107,1.0700,100,1,median_filtered,5,4000
2026-05-11T02:22:32.097583,22154.999991,3.660087,oscillation,robust_fallback,119,1.1900,100,111,1.1100,100,1,median_filtered,5,4000
2026-05-11T02:22:32.117568,22155.019992,3.680087,oscillation,robust_fallback,123,1.2300,100,114,1.1400,100,1,median_filtered,5,4000
2026-05-11T02:22:32.137570,22155.039992,3.700087,oscillation,robust_fallback,129,1.2900,100,119,1.1900,100,1,median_filtered,5,4000
2026-05-11T02:22:32.157641,22155.059986,3.720081,oscillation,robust_fallback,134,1.3400,100,123,1.2300,100,1,median_filtered,5,4000
2026-05-11T02:22:32.177636,22155.079996,3.740091,oscillation,robust_fallback,141,1.4100,100,129,1.2900,100,1,median_filtered,5,4000
2026-05-11T02:22:32.197533,22155.099989,3.760084,oscillation,robust_fallback,147,1.4700,100,134,1.3400,100,1,median_filtered,5,4000
2026-05-11T02:22:32.217553,22155.119986,3.780081,oscillation,robust_fallback,154,1.5400,100,141,1.4100,100,1,median_filtered,5,4000
2026-05-11T02:22:32.237684,22155.140012,3.800107,oscillation,robust_fallback,162,1.6200,100,147,1.4700,100,1,median_filtered,5,4000
2026-05-11T02:22:32.257553,22155.159988,3.820083,oscillation,robust_fallback,170,1.7000,100,154,1.5400,100,1,median_filtered,5,4000
2026-05-11T02:22:32.277526,22155.179984,3.840079,oscillation,robust_fallback,178,1.7800,100,162,1.6200,100,1,median_filtered,5,4000
2026-05-11T02:22:32.297504,22155.199979,3.860074,oscillation,robust_fallback,186,1.8600,100,170,1.7000,100,1,median_filtered,5,4000
2026-05-11T02:22:32.317569,22155.219984,3.880079,oscillation,robust_fallback,195,1.9500,100,178,1.7800,100,1,median_filtered,5,4000
2026-05-11T02:22:32.337488,22155.239980,3.900075,oscillation,robust_fallback,204,2.0400,100,186,1.8600,100,1,median_filtered,5,4000
2026-05-11T02:22:32.357541,22155.260013,3.920108,oscillation,robust_fallback,213,2.1300,100,195,1.9500,100,1,median_filtered,5,4000
2026-05-11T02:22:32.377555,22155.279990,3.940085,oscillation,robust_fallback,222,2.2200,100,204,2.0400,100,1,median_filtered,5,4000
2026-05-11T02:22:32.397544,22155.299987,3.960082,oscillation,robust_fallback,231,2.3100,100,213,2.1300,100,1,median_filtered,5,4000
2026-05-11T02:22:32.417509,22155.319980,3.980075,oscillation,robust_fallback,241,2.4100,100,222,2.2200,100,1,median_filtered,5,4000
2026-05-11T02:22:32.437498,22155.339985,4.000080,oscillation,robust_fallback,250,2.5000,100,231,2.3100,100,1,median_filtered,5,4000
2026-05-11T02:22:32.457483,22155.359979,4.020074,oscillation,robust_fallback,259,2.5900,100,241,2.4100,100,1,median_filtered,5,4000
2026-05-11T02:22:32.477497,22155.379980,4.040075,oscillation,robust_fallback,269,2.6900,100,250,2.5000,100,1,median_filtered,5,4000
2026-05-11T02:22:32.497639,22155.399986,4.060082,oscillation,robust_fallback,278,2.7800,100,259,2.5900,100,1,median_filtered,5,4000
2026-05-11T02:22:32.517565,22155.420011,4.080106,oscillation,robust_fallback,287,2.8700,100,269,2.6900,100,1,median_filtered,5,4000
2026-05-11T02:22:32.537571,22155.440018,4.100113,oscillation,robust_fallback,296,2.9600,100,278,2.7800,100,1,median_filtered,5,4000
2026-05-11T02:22:32.557573,22155.459989,4.120084,oscillation,robust_fallback,305,3.0500,100,287,2.8700,100,1,median_filtered,5,4000
2026-05-11T02:22:32.577494,22155.479979,4.140074,oscillation,robust_fallback,314,3.1400,100,296,2.9600,100,1,median_filtered,5,4000
2026-05-11T02:22:32.597529,22155.499986,4.160081,oscillation,robust_fallback,322,3.2200,100,305,3.0500,100,1,median_filtered,5,4000
2026-05-11T02:22:32.617486,22155.519976,4.180071,oscillation,robust_fallback,330,3.3000,100,314,3.1400,100,1,median_filtered,5,4000
2026-05-11T02:22:32.637547,22155.539996,4.200091,oscillation,robust_fallback,338,3.3800,100,322,3.2200,100,1,median_filtered,5,4000
2026-05-11T02:22:32.657522,22155.559986,4.220081,oscillation,robust_fallback,346,3.4600,100,330,3.3000,100,1,median_filtered,5,4000
2026-05-11T02:22:32.677677,22155.580021,4.240116,oscillation,robust_fallback,353,3.5300,100,338,3.3800,100,1,median_filtered,5,4000
2026-05-11T02:22:32.697536,22155.599984,4.260079,oscillation,robust_fallback,359,3.5900,100,346,3.4600,100,1,median_filtered,5,4000
2026-05-11T02:22:32.717569,22155.620019,4.280114,oscillation,robust_fallback,366,3.6600,100,353,3.5300,100,1,median_filtered,5,4000
2026-05-11T02:22:32.737551,22155.639986,4.300081,oscillation,robust_fallback,371,3.7100,100,359,3.5900,100,1,median_filtered,5,4000
2026-05-11T02:22:32.757534,22155.659986,4.320081,oscillation,robust_fallback,377,3.7700,100,366,3.6600,100,1,median_filtered,5,4000
2026-05-11T02:22:32.777557,22155.679990,4.340085,oscillation,robust_fallback,381,3.8100,100,371,3.7100,100,1,median_filtered,5,4000
2026-05-11T02:22:32.797533,22155.699985,4.360080,oscillation,robust_fallback,386,3.8600,100,377,3.7700,100,1,median_filtered,5,4000
2026-05-11T02:22:32.817681,22155.719990,4.380085,oscillation,robust_fallback,389,3.8900,100,381,3.8100,100,1,median_filtered,5,4000
2026-05-11T02:22:32.837544,22155.740011,4.400106,oscillation,robust_fallback,393,3.9300,100,386,3.8600,100,1,median_filtered,5,4000
2026-05-11T02:22:32.857483,22155.759976,4.420071,oscillation,robust_fallback,395,3.9500,100,389,3.8900,100,1,median_filtered,5,4000
2026-05-11T02:22:32.877467,22155.780000,4.440095,oscillation,robust_fallback,397,3.9700,100,393,3.9300,100,1,median_filtered,5,4000
2026-05-11T02:22:32.897705,22155.800015,4.460110,oscillation,robust_fallback,399,3.9900,100,395,3.9500,100,1,median_filtered,5,4000
2026-05-11T02:22:32.917654,22155.819990,4.480085,oscillation,robust_fallback,400,4.0000,100,397,3.9700,100,1,median_filtered,5,4000
2026-05-11T02:22:32.937549,22155.839987,4.500082,oscillation,robust_fallback,400,4.0000,100,399,3.9900,100,1,median_filtered,5,4000
2026-05-11T02:22:32.957536,22155.859987,4.520082,oscillation,robust_fallback,400,4.0000,100,400,4.0000,100,1,median_filtered,5,4000
2026-05-11T02:22:32.977626,22155.879989,4.540084,oscillation,robust_fallback,399,3.9900,100,400,4.0000,100,1,median_filtered,5,4000
2026-05-11T02:22:32.997543,22155.899992,4.560087,oscillation,robust_fallback,397,3.9700,100,400,4.0000,100,1,median_filtered,5,4000
2026-05-11T02:22:33.017535,22155.920013,4.580108,oscillation,robust_fallback,395,3.9500,100,399,3.9900,100,1,median_filtered,5,4000
2026-05-11T02:22:33.037556,22155.940017,4.600112,oscillation,robust_fallback,393,3.9300,100,397,3.9700,100,1,median_filtered,5,4000
2026-05-11T02:22:33.057543,22155.959988,4.620083,oscillation,robust_fallback,389,3.8900,100,395,3.9500,100,1,median_filtered,5,4000
2026-05-11T02:22:33.077538,22155.979988,4.640083,oscillation,robust_fallback,386,3.8600,100,393,3.9300,100,1,median_filtered,5,4000
2026-05-11T02:22:33.097523,22155.999995,4.660090,oscillation,robust_fallback,381,3.8100,100,389,3.8900,100,1,median_filtered,5,4000
2026-05-11T02:22:33.117703,22156.019997,4.680092,oscillation,robust_fallback,377,3.7700,100,386,3.8600,100,1,median_filtered,5,4000
2026-05-11T02:22:33.137590,22156.039998,4.700093,oscillation,robust_fallback,371,3.7100,100,381,3.8100,100,1,median_filtered,5,4000
2026-05-11T02:22:33.157673,22156.060013,4.720109,oscillation,robust_fallback,366,3.6600,100,377,3.7700,100,1,median_filtered,5,4000
2026-05-11T02:22:33.177524,22156.079988,4.740083,oscillation,robust_fallback,359,3.5900,100,371,3.7100,100,1,median_filtered,5,4000
2026-05-11T02:22:33.197518,22156.099985,4.760080,oscillation,robust_fallback,353,3.5300,100,366,3.6600,100,1,median_filtered,5,4000
2026-05-11T02:22:33.217551,22156.119984,4.780079,oscillation,robust_fallback,346,3.4600,100,359,3.5900,100,1,median_filtered,5,4000
2026-05-11T02:22:33.237692,22156.140029,4.800124,oscillation,robust_fallback,338,3.3800,100,353,3.5300,100,1,median_filtered,5,4000
2026-05-11T02:22:33.257474,22156.159976,4.820071,oscillation,robust_fallback,330,3.3000,100,346,3.4600,100,1,median_filtered,5,4000
2026-05-11T02:22:33.277607,22156.179995,4.840090,oscillation,robust_fallback,322,3.2200,100,338,3.3800,100,1,median_filtered,5,4000
2026-05-11T02:22:33.297539,22156.199990,4.860085,oscillation,robust_fallback,314,3.1400,100,330,3.3000,100,1,median_filtered,5,4000
2026-05-11T02:22:33.317511,22156.219984,4.880079,oscillation,robust_fallback,305,3.0500,100,322,3.2200,100,1,median_filtered,5,4000
2026-05-11T02:22:33.337527,22156.239984,4.900079,oscillation,robust_fallback,296,2.9600,100,314,3.1400,100,1,median_filtered,5,4000
2026-05-11T02:22:33.357520,22156.259988,4.920084,oscillation,robust_fallback,287,2.8700,100,305,3.0500,100,1,median_filtered,5,4000
2026-05-11T02:22:33.377541,22156.279988,4.940083,oscillation,robust_fallback,278,2.7800,100,296,2.9600,100,1,median_filtered,5,4000
2026-05-11T02:22:33.397627,22156.299991,4.960086,oscillation,robust_fallback,269,2.6900,100,287,2.8700,100,1,median_filtered,5,4000
2026-05-11T02:22:33.417530,22156.320018,4.980113,oscillation,robust_fallback,259,2.5900,100,278,2.7800,100,1,median_filtered,5,4000
2026-05-11T02:22:33.437509,22156.339990,5.000085,oscillation,robust_fallback,250,2.5000,100,269,2.6900,100,1,median_filtered,5,4000
2026-05-11T02:22:33.457475,22156.359978,5.020073,oscillation,robust_fallback,241,2.4100,100,259,2.5900,100,1,median_filtered,5,4000
2026-05-11T02:22:33.477556,22156.379989,5.040084,oscillation,robust_fallback,231,2.3100,100,250,2.5000,100,1,median_filtered,5,4000
2026-05-11T02:22:33.497503,22156.400019,5.060114,oscillation,robust_fallback,222,2.2200,100,241,2.4100,100,1,median_filtered,5,4000
2026-05-11T02:22:33.517537,22156.420012,5.080107,oscillation,robust_fallback,213,2.1300,100,231,2.3100,100,1,median_filtered,5,4000
2026-05-11T02:22:33.537501,22156.439982,5.100077,oscillation,robust_fallback,204,2.0400,100,222,2.2200,100,1,median_filtered,5,4000
2026-05-11T02:22:33.557505,22156.459984,5.120079,oscillation,robust_fallback,195,1.9500,100,213,2.1300,100,1,median_filtered,5,4000
2026-05-11T02:22:33.577522,22156.479986,5.140081,oscillation,robust_fallback,186,1.8600,100,204,2.0400,100,1,median_filtered,5,4000
2026-05-11T02:22:33.597536,22156.499985,5.160080,oscillation,robust_fallback,178,1.7800,100,195,1.9500,100,1,median_filtered,5,4000
2026-05-11T02:22:33.617469,22156.519972,5.180067,oscillation,robust_fallback,170,1.7000,100,186,1.8600,100,1,median_filtered,5,4000
2026-05-11T02:22:33.637530,22156.539984,5.200079,oscillation,robust_fallback,162,1.6200,100,178,1.7800,100,1,median_filtered,5,4000
2026-05-11T02:22:33.657773,22156.559999,5.220094,oscillation,robust_fallback,154,1.5400,100,170,1.7000,100,1,median_filtered,5,4000
2026-05-11T02:22:33.677529,22156.579987,5.240082,oscillation,robust_fallback,147,1.4700,100,162,1.6200,100,1,median_filtered,5,4000
2026-05-11T02:22:33.697493,22156.599980,5.260075,oscillation,robust_fallback,141,1.4100,100,154,1.5400,100,1,median_filtered,5,4000
2026-05-11T02:22:33.717556,22156.619986,5.280081,oscillation,robust_fallback,134,1.3400,100,147,1.4700,100,1,median_filtered,5,4000
2026-05-11T02:22:33.737564,22156.639989,5.300084,oscillation,robust_fallback,129,1.2900,100,141,1.4100,100,1,median_filtered,5,4000
2026-05-11T02:22:33.757519,22156.659984,5.320079,oscillation,robust_fallback,123,1.2300,100,134,1.3400,100,1,median_filtered,5,4000
2026-05-11T02:22:33.777496,22156.679984,5.340079,oscillation,robust_fallback,119,1.1900,100,129,1.2900,100,1,median_filtered,5,4000
2026-05-11T02:22:33.797544,22156.699987,5.360082,oscillation,robust_fallback,114,1.1400,100,123,1.2300,100,1,median_filtered,5,4000
2026-05-11T02:22:33.817523,22156.719983,5.380078,oscillation,robust_fallback,111,1.1100,100,119,1.1900,100,1,median_filtered,5,4000
2026-05-11T02:22:33.837479,22156.739981,5.400076,oscillation,robust_fallback,107,1.0700,100,114,1.1400,100,1,median_filtered,5,4000
2026-05-11T02:22:33.857486,22156.759981,5.420076,oscillation,robust_fallback,105,1.0500,100,111,1.1100,100,1,median_filtered,5,4000
2026-05-11T02:22:33.877540,22156.779991,5.440086,oscillation,robust_fallback,103,1.0300,100,107,1.0700,100,1,median_filtered,5,4000
2026-05-11T02:22:33.897704,22156.800016,5.460111,oscillation,robust_fallback,101,1.0100,100,105,1.0500,100,1,median_filtered,5,4000
2026-05-11T02:22:33.917529,22156.819987,5.480082,oscillation,robust_fallback,100,1.0000,100,103,1.0300,100,1,median_filtered,5,4000
2026-05-11T02:22:33.937548,22156.839989,5.500084,oscillation,robust_fallback,100,1.0000,100,101,1.0100,100,1,median_filtered,5,4000
2026-05-11T02:22:33.957517,22156.859984,5.520079,oscillation,robust_fallback,100,1.0000,100,100,1.0000,100,1,median_filtered,5,4000
2026-05-11T02:22:33.977710,22156.879990,5.540085,oscillation,robust_fallback,101,1.0100,100,100,1.0000,100,1,median_filtered,5,4000
2026-05-11T02:22:33.997524,22156.899987,5.560082,oscillation,robust_fallback,103,1.0300,100,100,1.0000,100,1,median_filtered,5,4000
2026-05-11T02:22:34.017559,22156.919986,5.580081,oscillation,robust_fallback,105,1.0500,100,101,1.0100,100,1,median_filtered,5,4000
2026-05-11T02:22:34.037548,22156.939983,5.600078,oscillation,robust_fallback,107,1.0700,100,103,1.0300,100,1,median_filtered,5,4000
2026-05-11T02:22:34.057561,22156.959989,5.620084,oscillation,robust_fallback,111,1.1100,100,105,1.0500,100,1,median_filtered,5,4000
2026-05-11T02:22:34.077537,22156.979984,5.640079,oscillation,robust_fallback,114,1.1400,100,107,1.0700,100,1,median_filtered,5,4000
2026-05-11T02:22:34.097555,22156.999987,5.660082,oscillation,robust_fallback,119,1.1900,100,111,1.1100,100,1,median_filtered,5,4000
2026-05-11T02:22:34.117568,22157.020018,5.680113,oscillation,robust_fallback,123,1.2300,100,114,1.1400,100,1,median_filtered,5,4000
2026-05-11T02:22:34.137624,22157.039991,5.700086,oscillation,robust_fallback,129,1.2900,100,119,1.1900,100,1,median_filtered,5,4000
2026-05-11T02:22:34.157501,22157.059983,5.720079,oscillation,robust_fallback,134,1.3400,100,123,1.2300,100,1,median_filtered,5,4000
2026-05-11T02:22:34.177503,22157.079982,5.740077,oscillation,robust_fallback,141,1.4100,100,129,1.2900,100,1,median_filtered,5,4000
2026-05-11T02:22:34.197474,22157.099974,5.760069,oscillation,robust_fallback,147,1.4700,100,134,1.3400,100,1,median_filtered,5,4000
2026-05-11T02:22:34.217484,22157.119977,5.780072,oscillation,robust_fallback,154,1.5400,100,141,1.4100,100,1,median_filtered,5,4000
2026-05-11T02:22:34.237536,22157.139986,5.800081,oscillation,robust_fallback,162,1.6200,100,147,1.4700,100,1,median_filtered,5,4000
2026-05-11T02:22:34.257481,22157.159980,5.820075,oscillation,robust_fallback,170,1.7000,100,154,1.5400,100,1,median_filtered,5,4000
2026-05-11T02:22:34.277606,22157.180031,5.840126,oscillation,robust_fallback,178,1.7800,100,162,1.6200,100,1,median_filtered,5,4000
2026-05-11T02:22:34.297496,22157.199979,5.860074,oscillation,robust_fallback,186,1.8600,100,170,1.7000,100,1,median_filtered,5,4000
2026-05-11T02:22:34.317495,22157.220015,5.880110,oscillation,robust_fallback,195,1.9500,100,178,1.7800,100,1,median_filtered,5,4000
2026-05-11T02:22:34.337496,22157.239982,5.900077,oscillation,robust_fallback,204,2.0400,100,186,1.8600,100,1,median_filtered,5,4000
2026-05-11T02:22:34.357547,22157.259991,5.920086,oscillation,robust_fallback,213,2.1300,100,195,1.9500,100,1,median_filtered,5,4000
2026-05-11T02:22:34.377555,22157.279988,5.940084,oscillation,robust_fallback,222,2.2200,100,204,2.0400,100,1,median_filtered,5,4000
2026-05-11T02:22:34.397675,22157.299983,5.960078,oscillation,robust_fallback,231,2.3100,100,213,2.1300,100,1,median_filtered,5,4000
2026-05-11T02:22:34.417504,22157.319979,5.980074,oscillation,robust_fallback,241,2.4100,100,222,2.2200,100,1,median_filtered,5,4000
2026-05-11T02:22:34.437498,22157.339984,6.000079,oscillation,robust_fallback,250,2.5000,100,231,2.3100,100,1,median_filtered,5,4000
2026-05-11T02:22:34.457494,22157.359981,6.020076,oscillation,robust_fallback,259,2.5900,100,241,2.4100,100,1,median_filtered,5,4000
2026-05-11T02:22:34.477636,22157.379983,6.040078,oscillation,robust_fallback,269,2.6900,100,250,2.5000,100,1,median_filtered,5,4000
2026-05-11T02:22:34.497488,22157.399982,6.060077,oscillation,robust_fallback,278,2.7800,100,259,2.5900,100,1,median_filtered,5,4000
2026-05-11T02:22:34.517527,22157.419982,6.080077,oscillation,robust_fallback,287,2.8700,100,269,2.6900,100,1,median_filtered,5,4000
2026-05-11T02:22:34.537533,22157.440012,6.100107,oscillation,robust_fallback,296,2.9600,100,278,2.7800,100,1,median_filtered,5,4000
2026-05-11T02:22:34.557533,22157.459992,6.120087,oscillation,robust_fallback,305,3.0500,100,287,2.8700,100,1,median_filtered,5,4000
2026-05-11T02:22:34.577502,22157.479981,6.140076,oscillation,robust_fallback,314,3.1400,100,296,2.9600,100,1,median_filtered,5,4000
2026-05-11T02:22:34.597562,22157.500009,6.160104,oscillation,robust_fallback,322,3.2200,100,305,3.0500,100,1,median_filtered,5,4000
2026-05-11T02:22:34.617501,22157.519980,6.180075,oscillation,robust_fallback,330,3.3000,100,314,3.1400,100,1,median_filtered,5,4000
2026-05-11T02:22:34.637600,22157.539993,6.200088,oscillation,robust_fallback,338,3.3800,100,322,3.2200,100,1,median_filtered,5,4000
2026-05-11T02:22:34.657514,22157.559981,6.220076,oscillation,robust_fallback,346,3.4600,100,330,3.3000,100,1,median_filtered,5,4000
2026-05-11T02:22:34.677495,22157.579977,6.240072,oscillation,robust_fallback,353,3.5300,100,338,3.3800,100,1,median_filtered,5,4000
2026-05-11T02:22:34.697497,22157.599980,6.260075,oscillation,robust_fallback,359,3.5900,100,346,3.4600,100,1,median_filtered,5,4000
2026-05-11T02:22:34.717495,22157.619973,6.280068,oscillation,robust_fallback,366,3.6600,100,353,3.5300,100,1,median_filtered,5,4000
2026-05-11T02:22:34.737652,22157.640024,6.300119,oscillation,robust_fallback,371,3.7100,100,359,3.5900,100,1,median_filtered,5,4000
2026-05-11T02:22:34.757698,22157.660227,6.320322,oscillation,robust_fallback,377,3.7700,100,366,3.6600,100,1,median_filtered,5,4000
2026-05-11T02:22:34.777557,22157.679984,6.340079,oscillation,robust_fallback,381,3.8100,100,371,3.7100,100,1,median_filtered,5,4000
2026-05-11T02:22:34.797585,22157.700012,6.360107,oscillation,robust_fallback,386,3.8600,100,377,3.7700,100,1,median_filtered,5,4000
2026-05-11T02:22:34.817724,22157.720010,6.380105,oscillation,robust_fallback,389,3.8900,100,381,3.8100,100,1,median_filtered,5,4000
2026-05-11T02:22:34.837505,22157.739987,6.400082,oscillation,robust_fallback,393,3.9300,100,386,3.8600,100,1,median_filtered,5,4000
2026-05-11T02:22:34.857515,22157.759984,6.420079,oscillation,robust_fallback,395,3.9500,100,389,3.8900,100,1,median_filtered,5,4000
2026-05-11T02:22:34.877506,22157.779985,6.440080,oscillation,robust_fallback,397,3.9700,100,393,3.9300,100,1,median_filtered,5,4000
2026-05-11T02:22:34.897541,22157.799988,6.460083,oscillation,robust_fallback,399,3.9900,100,395,3.9500,100,1,median_filtered,5,4000
2026-05-11T02:22:34.917471,22157.819975,6.480070,oscillation,robust_fallback,400,4.0000,100,397,3.9700,100,1,median_filtered,5,4000
2026-05-11T02:22:34.937510,22157.839985,6.500080,oscillation,robust_fallback,400,4.0000,100,399,3.9900,100,1,median_filtered,5,4000
2026-05-11T02:22:34.957529,22157.859985,6.520080,oscillation,robust_fallback,400,4.0000,100,400,4.0000,100,1,median_filtered,5,4000
2026-05-11T02:22:34.977612,22157.879988,6.540083,oscillation,robust_fallback,399,3.9900,100,400,4.0000,100,1,median_filtered,5,4000
2026-05-11T02:22:34.997529,22157.899986,6.560081,oscillation,robust_fallback,397,3.9700,100,400,4.0000,100,1,median_filtered,5,4000
2026-05-11T02:22:35.017457,22157.919975,6.580070,oscillation,robust_fallback,395,3.9500,100,399,3.9900,100,1,median_filtered,5,4000
2026-05-11T02:22:35.037499,22157.939981,6.600076,oscillation,robust_fallback,393,3.9300,100,397,3.9700,100,1,median_filtered,5,4000
2026-05-11T02:22:35.057475,22157.959976,6.620071,oscillation,robust_fallback,389,3.8900,100,395,3.9500,100,1,median_filtered,5,4000
2026-05-11T02:22:35.077458,22157.979977,6.640072,oscillation,robust_fallback,386,3.8600,100,393,3.9300,100,1,median_filtered,5,4000
2026-05-11T02:22:35.097522,22157.999981,6.660076,oscillation,robust_fallback,381,3.8100,100,389,3.8900,100,1,median_filtered,5,4000
2026-05-11T02:22:35.117525,22158.019987,6.680082,oscillation,robust_fallback,377,3.7700,100,386,3.8600,100,1,median_filtered,5,4000
2026-05-11T02:22:35.137499,22158.039948,6.700043,oscillation,robust_fallback,371,3.7100,100,381,3.8100,100,1,median_filtered,5,4000
2026-05-11T02:22:35.157558,22158.060016,6.720111,oscillation,robust_fallback,366,3.6600,100,377,3.7700,100,1,median_filtered,5,4000
2026-05-11T02:22:35.177533,22158.079977,6.740072,oscillation,robust_fallback,359,3.5900,100,371,3.7100,100,1,median_filtered,5,4000
2026-05-11T02:22:35.197554,22158.099986,6.760081,oscillation,robust_fallback,353,3.5300,100,366,3.6600,100,1,median_filtered,5,4000
2026-05-11T02:22:35.217565,22158.119985,6.780080,oscillation,robust_fallback,346,3.4600,100,359,3.5900,100,1,median_filtered,5,4000
2026-05-11T02:22:35.237494,22158.139978,6.800073,oscillation,robust_fallback,338,3.3800,100,353,3.5300,100,1,median_filtered,5,4000
2026-05-11T02:22:35.257503,22158.159987,6.820082,oscillation,robust_fallback,330,3.3000,100,346,3.4600,100,1,median_filtered,5,4000
2026-05-11T02:22:35.277514,22158.179982,6.840077,oscillation,robust_fallback,322,3.2200,100,338,3.3800,100,1,median_filtered,5,4000
2026-05-11T02:22:35.297525,22158.199981,6.860077,oscillation,robust_fallback,314,3.1400,100,330,3.3000,100,1,median_filtered,5,4000
2026-05-11T02:22:35.317526,22158.220013,6.880108,oscillation,robust_fallback,305,3.0500,100,322,3.2200,100,1,median_filtered,5,4000
2026-05-11T02:22:35.337518,22158.239980,6.900075,oscillation,robust_fallback,296,2.9600,100,314,3.1400,100,1,median_filtered,5,4000
2026-05-11T02:22:35.357553,22158.259990,6.920085,oscillation,robust_fallback,287,2.8700,100,305,3.0500,100,1,median_filtered,5,4000
2026-05-11T02:22:35.377570,22158.279994,6.940089,oscillation,robust_fallback,278,2.7800,100,296,2.9600,100,1,median_filtered,5,4000
2026-05-11T02:22:35.397540,22158.299987,6.960082,oscillation,robust_fallback,269,2.6900,100,287,2.8700,100,1,median_filtered,5,4000
2026-05-11T02:22:35.417495,22158.319983,6.980078,oscillation,robust_fallback,259,2.5900,100,278,2.7800,100,1,median_filtered,5,4000
2026-05-11T02:22:35.437455,22158.339971,7.000066,oscillation,robust_fallback,250,2.5000,100,269,2.6900,100,1,median_filtered,5,4000
2026-05-11T02:22:35.457545,22158.359986,7.020081,oscillation,robust_fallback,241,2.4100,100,259,2.5900,100,1,median_filtered,5,4000
2026-05-11T02:22:35.477551,22158.379982,7.040077,oscillation,robust_fallback,231,2.3100,100,250,2.5000,100,1,median_filtered,5,4000
2026-05-11T02:22:35.497544,22158.399983,7.060078,oscillation,robust_fallback,222,2.2200,100,241,2.4100,100,1,median_filtered,5,4000
2026-05-11T02:22:35.517561,22158.419984,7.080079,oscillation,robust_fallback,213,2.1300,100,231,2.3100,100,1,median_filtered,5,4000
2026-05-11T02:22:35.537559,22158.439990,7.100085,oscillation,robust_fallback,204,2.0400,100,222,2.2200,100,1,median_filtered,5,4000
2026-05-11T02:22:35.557617,22158.459985,7.120080,oscillation,robust_fallback,195,1.9500,100,213,2.1300,100,1,median_filtered,5,4000
2026-05-11T02:22:35.577516,22158.479983,7.140078,oscillation,robust_fallback,186,1.8600,100,204,2.0400,100,1,median_filtered,5,4000
2026-05-11T02:22:35.597527,22158.499985,7.160080,oscillation,robust_fallback,178,1.7800,100,195,1.9500,100,1,median_filtered,5,4000
2026-05-11T02:22:35.617555,22158.519992,7.180087,oscillation,robust_fallback,170,1.7000,100,186,1.8600,100,1,median_filtered,5,4000
2026-05-11T02:22:35.637512,22158.539981,7.200076,oscillation,robust_fallback,162,1.6200,100,178,1.7800,100,1,median_filtered,5,4000
2026-05-11T02:22:35.657547,22158.559986,7.220081,oscillation,robust_fallback,154,1.5400,100,170,1.7000,100,1,median_filtered,5,4000
2026-05-11T02:22:35.677542,22158.579988,7.240084,oscillation,robust_fallback,147,1.4700,100,162,1.6200,100,1,median_filtered,5,4000
2026-05-11T02:22:35.697506,22158.599986,7.260081,oscillation,robust_fallback,141,1.4100,100,154,1.5400,100,1,median_filtered,5,4000
2026-05-11T02:22:35.717522,22158.619981,7.280076,oscillation,robust_fallback,134,1.3400,100,147,1.4700,100,1,median_filtered,5,4000
2026-05-11T02:22:35.737519,22158.639984,7.300079,oscillation,robust_fallback,129,1.2900,100,141,1.4100,100,1,median_filtered,5,4000
2026-05-11T02:22:35.757549,22158.659986,7.320081,oscillation,robust_fallback,123,1.2300,100,134,1.3400,100,1,median_filtered,5,4000
2026-05-11T02:22:35.777516,22158.679983,7.340078,oscillation,robust_fallback,119,1.1900,100,129,1.2900,100,1,median_filtered,5,4000
2026-05-11T02:22:35.797500,22158.699984,7.360079,oscillation,robust_fallback,114,1.1400,100,123,1.2300,100,1,median_filtered,5,4000
2026-05-11T02:22:35.817577,22158.719990,7.380085,oscillation,robust_fallback,111,1.1100,100,119,1.1900,100,1,median_filtered,5,4000
2026-05-11T02:22:35.837564,22158.739994,7.400089,oscillation,robust_fallback,107,1.0700,100,114,1.1400,100,1,median_filtered,5,4000
2026-05-11T02:22:35.857557,22158.759990,7.420085,oscillation,robust_fallback,105,1.0500,100,111,1.1100,100,1,median_filtered,5,4000
2026-05-11T02:22:35.877554,22158.779992,7.440087,oscillation,robust_fallback,103,1.0300,100,107,1.0700,100,1,median_filtered,5,4000
2026-05-11T02:22:35.897549,22158.800011,7.460106,oscillation,robust_fallback,101,1.0100,100,105,1.0500,100,1,median_filtered,5,4000
2026-05-11T02:22:35.917526,22158.819984,7.480079,oscillation,robust_fallback,100,1.0000,100,103,1.0300,100,1,median_filtered,5,4000
2026-05-11T02:22:35.937502,22158.839985,7.500080,oscillation,robust_fallback,100,1.0000,100,101,1.0100,100,1,median_filtered,5,4000
2026-05-11T02:22:35.957509,22158.860013,7.520108,oscillation,robust_fallback,100,1.0000,100,100,1.0000,100,1,median_filtered,5,4000
2026-05-11T02:22:35.977641,22158.880011,7.540106,oscillation,robust_fallback,101,1.0100,100,100,1.0000,100,1,median_filtered,5,4000
2026-05-11T02:22:35.997477,22158.899982,7.560077,oscillation,robust_fallback,103,1.0300,100,100,1.0000,100,1,median_filtered,5,4000
2026-05-11T02:22:36.017533,22158.920016,7.580111,oscillation,robust_fallback,105,1.0500,100,101,1.0100,100,1,median_filtered,5,4000
2026-05-11T02:22:36.037530,22158.939986,7.600081,oscillation,robust_fallback,107,1.0700,100,103,1.0300,100,1,median_filtered,5,4000
2026-05-11T02:22:36.057461,22158.959968,7.620063,oscillation,robust_fallback,111,1.1100,100,105,1.0500,100,1,median_filtered,5,4000
2026-05-11T02:22:36.077488,22158.979978,7.640073,oscillation,robust_fallback,114,1.1400,100,107,1.0700,100,1,median_filtered,5,4000
2026-05-11T02:22:36.097510,22159.000016,7.660111,oscillation,robust_fallback,119,1.1900,100,111,1.1100,100,1,median_filtered,5,4000
2026-05-11T02:22:36.117497,22159.019981,7.680076,oscillation,robust_fallback,123,1.2300,100,114,1.1400,100,1,median_filtered,5,4000
2026-05-11T02:22:36.137516,22159.040013,7.700108,oscillation,robust_fallback,129,1.2900,100,119,1.1900,100,1,median_filtered,5,4000
2026-05-11T02:22:36.157535,22159.059986,7.720081,oscillation,robust_fallback,134,1.3400,100,123,1.2300,100,1,median_filtered,5,4000
2026-05-11T02:22:36.177505,22159.079985,7.740080,oscillation,robust_fallback,141,1.4100,100,129,1.2900,100,1,median_filtered,5,4000
2026-05-11T02:22:36.197509,22159.099981,7.760076,oscillation,robust_fallback,147,1.4700,100,134,1.3400,100,1,median_filtered,5,4000
2026-05-11T02:22:36.217631,22159.120009,7.780104,oscillation,robust_fallback,154,1.5400,100,141,1.4100,100,1,median_filtered,5,4000
2026-05-11T02:22:36.237532,22159.139989,7.800084,oscillation,robust_fallback,162,1.6200,100,147,1.4700,100,1,median_filtered,5,4000
2026-05-11T02:22:36.257494,22159.159978,7.820073,oscillation,robust_fallback,170,1.7000,100,154,1.5400,100,1,median_filtered,5,4000
2026-05-11T02:22:36.277531,22159.179980,7.840075,oscillation,robust_fallback,178,1.7800,100,162,1.6200,100,1,median_filtered,5,4000
2026-05-11T02:22:36.297511,22159.199980,7.860075,oscillation,robust_fallback,186,1.8600,100,170,1.7000,100,1,median_filtered,5,4000
2026-05-11T02:22:36.317530,22159.219986,7.880081,oscillation,robust_fallback,195,1.9500,100,178,1.7800,100,1,median_filtered,5,4000
2026-05-11T02:22:36.337509,22159.239984,7.900079,oscillation,robust_fallback,204,2.0400,100,186,1.8600,100,1,median_filtered,5,4000
2026-05-11T02:22:36.357519,22159.259984,7.920079,oscillation,robust_fallback,213,2.1300,100,195,1.9500,100,1,median_filtered,5,4000
2026-05-11T02:22:36.377552,22159.279988,7.940084,oscillation,robust_fallback,222,2.2200,100,204,2.0400,100,1,median_filtered,5,4000
2026-05-11T02:22:36.397539,22159.299978,7.960073,oscillation,robust_fallback,231,2.3100,100,213,2.1300,100,1,median_filtered,5,4000
2026-05-11T02:22:36.417506,22159.319982,7.980077,oscillation,robust_fallback,241,2.4100,100,222,2.2200,100,1,median_filtered,5,4000
2026-05-11T02:22:36.437474,22159.339976,8.000071,oscillation,robust_fallback,250,2.5000,100,231,2.3100,100,1,median_filtered,5,4000
2026-05-11T02:22:36.457444,22159.359973,8.020068,oscillation,robust_fallback,259,2.5900,100,241,2.4100,100,1,median_filtered,5,4000
2026-05-11T02:22:36.477638,22159.380024,8.040119,oscillation,robust_fallback,269,2.6900,100,250,2.5000,100,1,median_filtered,5,4000
2026-05-11T02:22:36.497539,22159.400024,8.060119,oscillation,robust_fallback,278,2.7800,100,259,2.5900,100,1,median_filtered,5,4000
2026-05-11T02:22:36.517507,22159.420015,8.080110,oscillation,robust_fallback,287,2.8700,100,269,2.6900,100,1,median_filtered,5,4000
2026-05-11T02:22:36.537582,22159.439995,8.100090,oscillation,robust_fallback,296,2.9600,100,278,2.7800,100,1,median_filtered,5,4000
2026-05-11T02:22:36.557564,22159.460018,8.120113,oscillation,robust_fallback,305,3.0500,100,287,2.8700,100,1,median_filtered,5,4000
2026-05-11T02:22:36.577508,22159.479983,8.140078,oscillation,robust_fallback,314,3.1400,100,296,2.9600,100,1,median_filtered,5,4000
2026-05-11T02:22:36.597557,22159.499989,8.160084,oscillation,robust_fallback,322,3.2200,100,305,3.0500,100,1,median_filtered,5,4000
2026-05-11T02:22:36.617538,22159.519987,8.180082,oscillation,robust_fallback,330,3.3000,100,314,3.1400,100,1,median_filtered,5,4000
2026-05-11T02:22:36.637542,22159.539987,8.200082,oscillation,robust_fallback,338,3.3800,100,322,3.2200,100,1,median_filtered,5,4000
2026-05-11T02:22:36.657511,22159.559980,8.220075,oscillation,robust_fallback,346,3.4600,100,330,3.3000,100,1,median_filtered,5,4000
2026-05-11T02:22:36.677560,22159.580014,8.240109,oscillation,robust_fallback,353,3.5300,100,338,3.3800,100,1,median_filtered,5,4000
2026-05-11T02:22:36.697550,22159.599994,8.260089,oscillation,robust_fallback,359,3.5900,100,346,3.4600,100,1,median_filtered,5,4000
2026-05-11T02:22:36.717555,22159.619987,8.280082,oscillation,robust_fallback,366,3.6600,100,353,3.5300,100,1,median_filtered,5,4000
2026-05-11T02:22:36.737728,22159.640022,8.300117,oscillation,robust_fallback,371,3.7100,100,359,3.5900,100,1,median_filtered,5,4000
2026-05-11T02:22:36.757564,22159.660024,8.320119,oscillation,robust_fallback,377,3.7700,100,366,3.6600,100,1,median_filtered,5,4000
2026-05-11T02:22:36.777507,22159.679982,8.340077,oscillation,robust_fallback,381,3.8100,100,371,3.7100,100,1,median_filtered,5,4000
2026-05-11T02:22:36.797510,22159.699988,8.360083,oscillation,robust_fallback,386,3.8600,100,377,3.7700,100,1,median_filtered,5,4000
2026-05-11T02:22:36.817533,22159.719987,8.380082,oscillation,robust_fallback,389,3.8900,100,381,3.8100,100,1,median_filtered,5,4000
2026-05-11T02:22:36.837505,22159.739982,8.400077,oscillation,robust_fallback,393,3.9300,100,386,3.8600,100,1,median_filtered,5,4000
2026-05-11T02:22:36.857484,22159.759978,8.420073,oscillation,robust_fallback,395,3.9500,100,389,3.8900,100,1,median_filtered,5,4000
2026-05-11T02:22:36.877461,22159.779976,8.440071,oscillation,robust_fallback,397,3.9700,100,393,3.9300,100,1,median_filtered,5,4000
2026-05-11T02:22:36.897684,22159.799998,8.460093,oscillation,robust_fallback,399,3.9900,100,395,3.9500,100,1,median_filtered,5,4000
2026-05-11T02:22:36.917541,22159.820015,8.480110,oscillation,robust_fallback,400,4.0000,100,397,3.9700,100,1,median_filtered,5,4000
2026-05-11T02:22:36.937566,22159.839986,8.500081,oscillation,robust_fallback,400,4.0000,100,399,3.9900,100,1,median_filtered,5,4000
2026-05-11T02:22:36.957609,22159.859998,8.520093,oscillation,robust_fallback,400,4.0000,100,400,4.0000,100,1,median_filtered,5,4000
2026-05-11T02:22:36.977739,22159.880023,8.540118,oscillation,robust_fallback,399,3.9900,100,400,4.0000,100,1,median_filtered,5,4000
2026-05-11T02:22:36.997565,22159.899991,8.560086,oscillation,robust_fallback,397,3.9700,100,400,4.0000,100,1,median_filtered,5,4000
2026-05-11T02:22:37.017752,22159.920181,8.580276,oscillation,robust_fallback,395,3.9500,100,399,3.9900,100,1,median_filtered,5,4000
2026-05-11T02:22:37.037534,22159.939986,8.600081,oscillation,robust_fallback,393,3.9300,100,397,3.9700,100,1,median_filtered,5,4000
2026-05-11T02:22:37.057663,22159.960011,8.620106,oscillation,robust_fallback,389,3.8900,100,395,3.9500,100,1,median_filtered,5,4000
2026-05-11T02:22:37.077508,22159.980016,8.640111,oscillation,robust_fallback,386,3.8600,100,393,3.9300,100,1,median_filtered,5,4000
2026-05-11T02:22:37.097529,22159.999986,8.660081,oscillation,robust_fallback,381,3.8100,100,389,3.8900,100,1,median_filtered,5,4000
2026-05-11T02:22:37.117488,22160.019981,8.680076,oscillation,robust_fallback,377,3.7700,100,386,3.8600,100,1,median_filtered,5,4000
2026-05-11T02:22:37.137693,22160.039997,8.700092,oscillation,robust_fallback,371,3.7100,100,381,3.8100,100,1,median_filtered,5,4000
2026-05-11T02:22:37.157455,22160.059975,8.720070,oscillation,robust_fallback,366,3.6600,100,377,3.7700,100,1,median_filtered,5,4000
2026-05-11T02:22:37.177526,22160.079986,8.740081,oscillation,robust_fallback,359,3.5900,100,371,3.7100,100,1,median_filtered,5,4000
2026-05-11T02:22:37.197531,22160.099985,8.760080,oscillation,robust_fallback,353,3.5300,100,366,3.6600,100,1,median_filtered,5,4000
2026-05-11T02:22:37.217531,22160.120009,8.780104,oscillation,robust_fallback,346,3.4600,100,359,3.5900,100,1,median_filtered,5,4000
2026-05-11T02:22:37.237484,22160.139981,8.800076,oscillation,robust_fallback,338,3.3800,100,353,3.5300,100,1,median_filtered,5,4000
2026-05-11T02:22:37.257451,22160.159972,8.820067,oscillation,robust_fallback,330,3.3000,100,346,3.4600,100,1,median_filtered,5,4000
2026-05-11T02:22:37.277532,22160.179986,8.840081,oscillation,robust_fallback,322,3.2200,100,338,3.3800,100,1,median_filtered,5,4000
2026-05-11T02:22:37.297555,22160.199990,8.860085,oscillation,robust_fallback,314,3.1400,100,330,3.3000,100,1,median_filtered,5,4000
2026-05-11T02:22:37.317564,22160.219986,8.880081,oscillation,robust_fallback,305,3.0500,100,322,3.2200,100,1,median_filtered,5,4000
2026-05-11T02:22:37.337501,22160.239982,8.900077,oscillation,robust_fallback,296,2.9600,100,314,3.1400,100,1,median_filtered,5,4000
2026-05-11T02:22:37.357516,22160.259974,8.920069,oscillation,robust_fallback,287,2.8700,100,305,3.0500,100,1,median_filtered,5,4000
2026-05-11T02:22:37.377471,22160.279975,8.940070,oscillation,robust_fallback,278,2.7800,100,296,2.9600,100,1,median_filtered,5,4000
2026-05-11T02:22:37.397519,22160.299984,8.960079,oscillation,robust_fallback,269,2.6900,100,287,2.8700,100,1,median_filtered,5,4000
2026-05-11T02:22:37.417572,22160.320020,8.980115,oscillation,robust_fallback,259,2.5900,100,278,2.7800,100,1,median_filtered,5,4000
2026-05-11T02:22:37.437559,22160.339987,9.000082,oscillation,robust_fallback,250,2.5000,100,269,2.6900,100,1,median_filtered,5,4000
2026-05-11T02:22:37.457535,22160.359986,9.020081,oscillation,robust_fallback,241,2.4100,100,259,2.5900,100,1,median_filtered,5,4000
2026-05-11T02:22:37.477723,22160.379994,9.040089,oscillation,robust_fallback,231,2.3100,100,250,2.5000,100,1,median_filtered,5,4000
2026-05-11T02:22:37.497536,22160.399987,9.060082,oscillation,robust_fallback,222,2.2200,100,241,2.4100,100,1,median_filtered,5,4000
2026-05-11T02:22:37.517594,22160.419997,9.080092,oscillation,robust_fallback,213,2.1300,100,231,2.3100,100,1,median_filtered,5,4000
2026-05-11T02:22:37.537599,22160.439999,9.100094,oscillation,robust_fallback,204,2.0400,100,222,2.2200,100,1,median_filtered,5,4000
2026-05-11T02:22:37.557796,22160.460023,9.120118,oscillation,robust_fallback,195,1.9500,100,213,2.1300,100,1,median_filtered,5,4000
2026-05-11T02:22:37.577571,22160.479988,9.140083,oscillation,robust_fallback,186,1.8600,100,204,2.0400,100,1,median_filtered,5,4000
2026-05-11T02:22:37.597575,22160.499989,9.160084,oscillation,robust_fallback,178,1.7800,100,195,1.9500,100,1,median_filtered,5,4000
2026-05-11T02:22:37.617616,22160.520033,9.180128,oscillation,robust_fallback,170,1.7000,100,186,1.8600,100,1,median_filtered,5,4000
2026-05-11T02:22:37.637768,22160.540025,9.200120,oscillation,robust_fallback,162,1.6200,100,178,1.7800,100,1,median_filtered,5,4000
2026-05-11T02:22:37.657534,22160.559984,9.220079,oscillation,robust_fallback,154,1.5400,100,170,1.7000,100,1,median_filtered,5,4000
2026-05-11T02:22:37.677563,22160.579992,9.240087,oscillation,robust_fallback,147,1.4700,100,162,1.6200,100,1,median_filtered,5,4000
2026-05-11T02:22:37.697536,22160.599987,9.260082,oscillation,robust_fallback,141,1.4100,100,154,1.5400,100,1,median_filtered,5,4000
2026-05-11T02:22:37.717581,22160.619993,9.280088,oscillation,robust_fallback,134,1.3400,100,147,1.4700,100,1,median_filtered,5,4000
2026-05-11T02:22:37.737549,22160.639996,9.300091,oscillation,robust_fallback,129,1.2900,100,141,1.4100,100,1,median_filtered,5,4000
2026-05-11T02:22:37.757570,22160.659990,9.320085,oscillation,robust_fallback,123,1.2300,100,134,1.3400,100,1,median_filtered,5,4000
2026-05-11T02:22:37.777520,22160.679984,9.340079,oscillation,robust_fallback,119,1.1900,100,129,1.2900,100,1,median_filtered,5,4000
2026-05-11T02:22:37.797568,22160.700027,9.360122,oscillation,robust_fallback,114,1.1400,100,123,1.2300,100,1,median_filtered,5,4000
2026-05-11T02:22:37.817575,22160.720026,9.380121,oscillation,robust_fallback,111,1.1100,100,119,1.1900,100,1,median_filtered,5,4000
2026-05-11T02:22:37.837519,22160.739987,9.400082,oscillation,robust_fallback,107,1.0700,100,114,1.1400,100,1,median_filtered,5,4000
2026-05-11T02:22:37.857538,22160.759982,9.420077,oscillation,robust_fallback,105,1.0500,100,111,1.1100,100,1,median_filtered,5,4000
2026-05-11T02:22:37.877549,22160.779985,9.440080,oscillation,robust_fallback,103,1.0300,100,107,1.0700,100,1,median_filtered,5,4000
2026-05-11T02:22:37.897537,22160.800018,9.460113,oscillation,robust_fallback,101,1.0100,100,105,1.0500,100,1,median_filtered,5,4000
2026-05-11T02:22:37.917528,22160.819985,9.480080,oscillation,robust_fallback,100,1.0000,100,103,1.0300,100,1,median_filtered,5,4000
2026-05-11T02:22:37.937495,22160.839986,9.500081,oscillation,robust_fallback,100,1.0000,100,101,1.0100,100,1,median_filtered,5,4000
2026-05-11T02:22:37.957577,22160.859986,9.520082,oscillation,robust_fallback,100,1.0000,100,100,1.0000,100,1,median_filtered,5,4000
2026-05-11T02:22:37.977527,22160.879985,9.540080,oscillation,robust_fallback,101,1.0100,100,100,1.0000,100,1,median_filtered,5,4000
2026-05-11T02:22:37.997514,22160.899981,9.560076,oscillation,robust_fallback,103,1.0300,100,100,1.0000,100,1,median_filtered,5,4000
2026-05-11T02:22:38.017504,22160.919980,9.580075,oscillation,robust_fallback,105,1.0500,100,101,1.0100,100,1,median_filtered,5,4000
2026-05-11T02:22:38.037567,22160.939990,9.600085,oscillation,robust_fallback,107,1.0700,100,103,1.0300,100,1,median_filtered,5,4000
2026-05-11T02:22:38.057555,22160.959985,9.620080,oscillation,robust_fallback,111,1.1100,100,105,1.0500,100,1,median_filtered,5,4000
2026-05-11T02:22:38.077573,22160.979985,9.640080,oscillation,robust_fallback,114,1.1400,100,107,1.0700,100,1,median_filtered,5,4000
2026-05-11T02:22:38.097533,22160.999987,9.660082,oscillation,robust_fallback,119,1.1900,100,111,1.1100,100,1,median_filtered,5,4000
2026-05-11T02:22:38.117497,22161.019982,9.680077,oscillation,robust_fallback,123,1.2300,100,114,1.1400,100,1,median_filtered,5,4000
2026-05-11T02:22:38.137553,22161.039989,9.700084,oscillation,robust_fallback,129,1.2900,100,119,1.1900,100,1,median_filtered,5,4000
2026-05-11T02:22:38.157474,22161.059975,9.720070,oscillation,robust_fallback,134,1.3400,100,123,1.2300,100,1,median_filtered,5,4000
2026-05-11T02:22:38.177524,22161.080019,9.740114,oscillation,robust_fallback,141,1.4100,100,129,1.2900,100,1,median_filtered,5,4000
2026-05-11T02:22:38.197554,22161.100009,9.760104,oscillation,robust_fallback,147,1.4700,100,134,1.3400,100,1,median_filtered,5,4000
2026-05-11T02:22:38.217510,22161.119984,9.780079,oscillation,robust_fallback,154,1.5400,100,141,1.4100,100,1,median_filtered,5,4000
2026-05-11T02:22:38.237524,22161.139986,9.800081,oscillation,robust_fallback,162,1.6200,100,147,1.4700,100,1,median_filtered,5,4000
2026-05-11T02:22:38.257522,22161.159991,9.820086,oscillation,robust_fallback,170,1.7000,100,154,1.5400,100,1,median_filtered,5,4000
2026-05-11T02:22:38.277452,22161.179975,9.840070,oscillation,robust_fallback,178,1.7800,100,162,1.6200,100,1,median_filtered,5,4000
2026-05-11T02:22:38.297496,22161.199980,9.860075,oscillation,robust_fallback,186,1.8600,100,170,1.7000,100,1,median_filtered,5,4000
2026-05-11T02:22:38.317583,22161.219998,9.880093,oscillation,robust_fallback,195,1.9500,100,178,1.7800,100,1,median_filtered,5,4000
2026-05-11T02:22:38.337505,22161.239982,9.900077,oscillation,robust_fallback,204,2.0400,100,186,1.8600,100,1,median_filtered,5,4000
2026-05-11T02:22:38.357503,22161.259982,9.920077,oscillation,robust_fallback,213,2.1300,100,195,1.9500,100,1,median_filtered,5,4000
2026-05-11T02:22:38.377547,22161.279997,9.940092,oscillation,robust_fallback,222,2.2200,100,204,2.0400,100,1,median_filtered,5,4000
2026-05-11T02:22:38.397539,22161.299975,9.960070,oscillation,robust_fallback,231,2.3100,100,213,2.1300,100,1,median_filtered,5,4000
2026-05-11T02:22:38.417500,22161.319984,9.980079,oscillation,robust_fallback,241,2.4100,100,222,2.2200,100,1,median_filtered,5,4000
2026-05-11T02:22:38.437606,22161.339997,10.000092,oscillation,robust_fallback,250,2.5000,100,231,2.3100,100,1,median_filtered,5,4000
2026-05-11T02:22:38.457503,22161.359982,10.020077,oscillation,robust_fallback,259,2.5900,100,241,2.4100,100,1,median_filtered,5,4000
2026-05-11T02:22:38.477544,22161.379980,10.040075,oscillation,robust_fallback,269,2.6900,100,250,2.5000,100,1,median_filtered,5,4000
2026-05-11T02:22:38.497477,22161.399981,10.060076,oscillation,robust_fallback,278,2.7800,100,259,2.5900,100,1,median_filtered,5,4000
2026-05-11T02:22:38.517536,22161.420019,10.080114,oscillation,robust_fallback,287,2.8700,100,269,2.6900,100,1,median_filtered,5,4000
2026-05-11T02:22:38.537510,22161.439983,10.100078,oscillation,robust_fallback,296,2.9600,100,278,2.7800,100,1,median_filtered,5,4000
2026-05-11T02:22:38.557614,22161.459994,10.120089,oscillation,robust_fallback,305,3.0500,100,287,2.8700,100,1,median_filtered,5,4000
2026-05-11T02:22:38.577530,22161.479985,10.140080,oscillation,robust_fallback,314,3.1400,100,296,2.9600,100,1,median_filtered,5,4000
2026-05-11T02:22:38.597542,22161.499988,10.160083,oscillation,robust_fallback,322,3.2200,100,305,3.0500,100,1,median_filtered,5,4000
2026-05-11T02:22:38.617573,22161.519991,10.180086,oscillation,robust_fallback,330,3.3000,100,314,3.1400,100,1,median_filtered,5,4000
2026-05-11T02:22:38.637580,22161.539989,10.200084,oscillation,robust_fallback,338,3.3800,100,322,3.2200,100,1,median_filtered,5,4000
2026-05-11T02:22:38.657533,22161.559990,10.220085,oscillation,robust_fallback,346,3.4600,100,330,3.3000,100,1,median_filtered,5,4000
2026-05-11T02:22:38.677549,22161.579986,10.240081,oscillation,robust_fallback,353,3.5300,100,338,3.3800,100,1,median_filtered,5,4000
2026-05-11T02:22:38.697548,22161.599986,10.260081,oscillation,robust_fallback,359,3.5900,100,346,3.4600,100,1,median_filtered,5,4000
2026-05-11T02:22:38.717674,22161.619995,10.280090,oscillation,robust_fallback,366,3.6600,100,353,3.5300,100,1,median_filtered,5,4000
2026-05-11T02:22:38.737527,22161.639987,10.300082,oscillation,robust_fallback,371,3.7100,100,359,3.5900,100,1,median_filtered,5,4000
2026-05-11T02:22:38.757503,22161.659983,10.320078,oscillation,robust_fallback,377,3.7700,100,366,3.6600,100,1,median_filtered,5,4000
2026-05-11T02:22:38.777551,22161.679993,10.340088,oscillation,robust_fallback,381,3.8100,100,371,3.7100,100,1,median_filtered,5,4000
2026-05-11T02:22:38.797538,22161.699985,10.360080,oscillation,robust_fallback,386,3.8600,100,377,3.7700,100,1,median_filtered,5,4000
2026-05-11T02:22:38.817548,22161.719986,10.380081,oscillation,robust_fallback,389,3.8900,100,381,3.8100,100,1,median_filtered,5,4000
2026-05-11T02:22:38.837489,22161.739956,10.400051,oscillation,robust_fallback,393,3.9300,100,386,3.8600,100,1,median_filtered,5,4000
2026-05-11T02:22:38.857572,22161.759989,10.420084,oscillation,robust_fallback,395,3.9500,100,389,3.8900,100,1,median_filtered,5,4000
2026-05-11T02:22:38.877586,22161.779987,10.440082,oscillation,robust_fallback,397,3.9700,100,393,3.9300,100,1,median_filtered,5,4000
2026-05-11T02:22:38.897502,22161.799984,10.460079,oscillation,robust_fallback,399,3.9900,100,395,3.9500,100,1,median_filtered,5,4000
2026-05-11T02:22:38.917530,22161.819985,10.480080,oscillation,robust_fallback,400,4.0000,100,397,3.9700,100,1,median_filtered,5,4000
2026-05-11T02:22:38.937742,22161.839990,10.500085,oscillation,robust_fallback,400,4.0000,100,399,3.9900,100,1,median_filtered,5,4000
2026-05-11T02:22:38.957515,22161.859981,10.520076,oscillation,robust_fallback,400,4.0000,100,400,4.0000,100,1,median_filtered,5,4000
2026-05-11T02:22:38.977544,22161.880007,10.540102,oscillation,robust_fallback,399,3.9900,100,400,4.0000,100,1,median_filtered,5,4000
2026-05-11T02:22:38.997545,22161.899985,10.560080,oscillation,robust_fallback,397,3.9700,100,400,4.0000,100,1,median_filtered,5,4000
2026-05-11T02:22:39.017488,22161.919976,10.580071,oscillation,robust_fallback,395,3.9500,100,399,3.9900,100,1,median_filtered,5,4000
2026-05-11T02:22:39.037538,22161.939982,10.600077,oscillation,robust_fallback,393,3.9300,100,397,3.9700,100,1,median_filtered,5,4000
2026-05-11T02:22:39.057531,22161.959986,10.620081,oscillation,robust_fallback,389,3.8900,100,395,3.9500,100,1,median_filtered,5,4000
2026-05-11T02:22:39.077464,22161.979979,10.640074,oscillation,robust_fallback,386,3.8600,100,393,3.9300,100,1,median_filtered,5,4000
2026-05-11T02:22:39.097569,22162.000019,10.660114,oscillation,robust_fallback,381,3.8100,100,389,3.8900,100,1,median_filtered,5,4000
2026-05-11T02:22:39.117544,22162.019986,10.680081,oscillation,robust_fallback,377,3.7700,100,386,3.8600,100,1,median_filtered,5,4000
2026-05-11T02:22:39.137584,22162.039991,10.700086,oscillation,robust_fallback,371,3.7100,100,381,3.8100,100,1,median_filtered,5,4000
2026-05-11T02:22:39.157495,22162.059975,10.720070,oscillation,robust_fallback,366,3.6600,100,377,3.7700,100,1,median_filtered,5,4000
2026-05-11T02:22:39.177559,22162.079991,10.740086,oscillation,robust_fallback,359,3.5900,100,371,3.7100,100,1,median_filtered,5,4000
2026-05-11T02:22:39.197564,22162.099991,10.760086,oscillation,robust_fallback,353,3.5300,100,366,3.6600,100,1,median_filtered,5,4000
2026-05-11T02:22:39.217546,22162.119984,10.780079,oscillation,robust_fallback,346,3.4600,100,359,3.5900,100,1,median_filtered,5,4000
2026-05-11T02:22:39.237568,22162.139989,10.800084,oscillation,robust_fallback,338,3.3800,100,353,3.5300,100,1,median_filtered,5,4000
2026-05-11T02:22:39.257517,22162.159978,10.820073,oscillation,robust_fallback,330,3.3000,100,346,3.4600,100,1,median_filtered,5,4000
2026-05-11T02:22:39.277556,22162.179990,10.840085,oscillation,robust_fallback,322,3.2200,100,338,3.3800,100,1,median_filtered,5,4000
2026-05-11T02:22:39.297523,22162.199975,10.860070,oscillation,robust_fallback,314,3.1400,100,330,3.3000,100,1,median_filtered,5,4000
2026-05-11T02:22:39.317533,22162.219987,10.880082,oscillation,robust_fallback,305,3.0500,100,322,3.2200,100,1,median_filtered,5,4000
2026-05-11T02:22:39.337515,22162.239986,10.900081,oscillation,robust_fallback,296,2.9600,100,314,3.1400,100,1,median_filtered,5,4000
2026-05-11T02:22:39.357482,22162.259985,10.920081,oscillation,robust_fallback,287,2.8700,100,305,3.0500,100,1,median_filtered,5,4000
2026-05-11T02:22:39.377578,22162.280014,10.940109,oscillation,robust_fallback,278,2.7800,100,296,2.9600,100,1,median_filtered,5,4000
2026-05-11T02:22:39.397499,22162.299981,10.960076,oscillation,robust_fallback,269,2.6900,100,287,2.8700,100,1,median_filtered,5,4000
2026-05-11T02:22:39.417482,22162.319975,10.980070,oscillation,robust_fallback,259,2.5900,100,278,2.7800,100,1,median_filtered,5,4000
2026-05-11T02:22:39.437541,22162.339989,11.000084,oscillation,robust_fallback,250,2.5000,100,269,2.6900,100,1,median_filtered,5,4000
2026-05-11T02:22:39.457699,22162.360010,11.020105,oscillation,robust_fallback,241,2.4100,100,259,2.5900,100,1,median_filtered,5,4000
2026-05-11T02:22:39.477469,22162.379980,11.040075,oscillation,robust_fallback,231,2.3100,100,250,2.5000,100,1,median_filtered,5,4000
2026-05-11T02:22:39.497544,22162.399987,11.060082,oscillation,robust_fallback,222,2.2200,100,241,2.4100,100,1,median_filtered,5,4000
2026-05-11T02:22:39.517552,22162.419987,11.080082,oscillation,robust_fallback,213,2.1300,100,231,2.3100,100,1,median_filtered,5,4000
2026-05-11T02:22:39.537539,22162.439988,11.100083,oscillation,robust_fallback,204,2.0400,100,222,2.2200,100,1,median_filtered,5,4000
2026-05-11T02:22:39.557533,22162.459990,11.120085,oscillation,robust_fallback,195,1.9500,100,213,2.1300,100,1,median_filtered,5,4000
2026-05-11T02:22:39.577636,22162.479994,11.140089,oscillation,robust_fallback,186,1.8600,100,204,2.0400,100,1,median_filtered,5,4000
2026-05-11T02:22:39.597544,22162.499986,11.160081,oscillation,robust_fallback,178,1.7800,100,195,1.9500,100,1,median_filtered,5,4000
2026-05-11T02:22:39.617531,22162.519982,11.180077,oscillation,robust_fallback,170,1.7000,100,186,1.8600,100,1,median_filtered,5,4000
2026-05-11T02:22:39.637528,22162.539985,11.200080,oscillation,robust_fallback,162,1.6200,100,178,1.7800,100,1,median_filtered,5,4000
2026-05-11T02:22:39.657500,22162.559979,11.220074,oscillation,robust_fallback,154,1.5400,100,170,1.7000,100,1,median_filtered,5,4000
2026-05-11T02:22:39.677484,22162.579979,11.240074,oscillation,robust_fallback,147,1.4700,100,162,1.6200,100,1,median_filtered,5,4000
2026-05-11T02:22:39.697526,22162.599983,11.260078,oscillation,robust_fallback,141,1.4100,100,154,1.5400,100,1,median_filtered,5,4000
2026-05-11T02:22:39.717546,22162.619986,11.280081,oscillation,robust_fallback,134,1.3400,100,147,1.4700,100,1,median_filtered,5,4000
2026-05-11T02:22:39.737489,22162.639979,11.300074,oscillation,robust_fallback,129,1.2900,100,141,1.4100,100,1,median_filtered,5,4000
2026-05-11T02:22:39.757544,22162.659982,11.320077,oscillation,robust_fallback,123,1.2300,100,134,1.3400,100,1,median_filtered,5,4000
2026-05-11T02:22:39.777568,22162.680017,11.340112,oscillation,robust_fallback,119,1.1900,100,129,1.2900,100,1,median_filtered,5,4000
2026-05-11T02:22:39.797482,22162.699977,11.360072,oscillation,robust_fallback,114,1.1400,100,123,1.2300,100,1,median_filtered,5,4000
2026-05-11T02:22:39.817529,22162.719983,11.380078,oscillation,robust_fallback,111,1.1100,100,119,1.1900,100,1,median_filtered,5,4000
2026-05-11T02:22:39.837568,22162.739988,11.400083,oscillation,robust_fallback,107,1.0700,100,114,1.1400,100,1,median_filtered,5,4000
2026-05-11T02:22:39.857527,22162.759980,11.420075,oscillation,robust_fallback,105,1.0500,100,111,1.1100,100,1,median_filtered,5,4000
2026-05-11T02:22:39.877580,22162.779991,11.440086,oscillation,robust_fallback,103,1.0300,100,107,1.0700,100,1,median_filtered,5,4000
2026-05-11T02:22:39.897575,22162.799994,11.460089,oscillation,robust_fallback,101,1.0100,100,105,1.0500,100,1,median_filtered,5,4000
2026-05-11T02:22:39.917579,22162.819986,11.480081,oscillation,robust_fallback,100,1.0000,100,103,1.0300,100,1,median_filtered,5,4000
2026-05-11T02:22:39.937525,22162.840006,11.500101,oscillation,robust_fallback,100,1.0000,100,101,1.0100,100,1,median_filtered,5,4000
2026-05-11T02:22:39.957669,22162.859980,11.520075,oscillation,robust_fallback,100,1.0000,100,100,1.0000,100,1,median_filtered,5,4000
2026-05-11T02:22:39.977529,22162.879988,11.540083,oscillation,robust_fallback,101,1.0100,100,100,1.0000,100,1,median_filtered,5,4000
2026-05-11T02:22:39.997498,22162.899982,11.560078,oscillation,robust_fallback,103,1.0300,100,100,1.0000,100,1,median_filtered,5,4000
2026-05-11T02:22:40.017524,22162.919985,11.580080,oscillation,robust_fallback,105,1.0500,100,101,1.0100,100,1,median_filtered,5,4000
2026-05-11T02:22:40.037476,22162.939976,11.600071,oscillation,robust_fallback,107,1.0700,100,103,1.0300,100,1,median_filtered,5,4000
2026-05-11T02:22:40.057493,22162.959981,11.620076,oscillation,robust_fallback,111,1.1100,100,105,1.0500,100,1,median_filtered,5,4000
2026-05-11T02:22:40.077524,22162.979984,11.640079,oscillation,robust_fallback,114,1.1400,100,107,1.0700,100,1,median_filtered,5,4000
2026-05-11T02:22:40.097532,22162.999987,11.660082,oscillation,robust_fallback,119,1.1900,100,111,1.1100,100,1,median_filtered,5,4000
2026-05-11T02:22:40.117487,22163.019989,11.680084,oscillation,robust_fallback,123,1.2300,100,114,1.1400,100,1,median_filtered,5,4000
2026-05-11T02:22:40.137533,22163.039996,11.700091,oscillation,robust_fallback,129,1.2900,100,119,1.1900,100,1,median_filtered,5,4000
2026-05-11T02:22:40.157527,22163.059986,11.720081,oscillation,robust_fallback,134,1.3400,100,123,1.2300,100,1,median_filtered,5,4000
2026-05-11T02:22:40.177527,22163.079985,11.740080,oscillation,robust_fallback,141,1.4100,100,129,1.2900,100,1,median_filtered,5,4000
2026-05-11T02:22:40.197531,22163.099986,11.760081,oscillation,robust_fallback,147,1.4700,100,134,1.3400,100,1,median_filtered,5,4000
2026-05-11T02:22:40.217667,22163.119990,11.780085,oscillation,robust_fallback,154,1.5400,100,141,1.4100,100,1,median_filtered,5,4000
2026-05-11T02:22:40.237521,22163.139983,11.800078,oscillation,robust_fallback,162,1.6200,100,147,1.4700,100,1,median_filtered,5,4000
2026-05-11T02:22:40.257554,22163.159988,11.820083,oscillation,robust_fallback,170,1.7000,100,154,1.5400,100,1,median_filtered,5,4000
2026-05-11T02:22:40.277563,22163.179987,11.840082,oscillation,robust_fallback,178,1.7800,100,162,1.6200,100,1,median_filtered,5,4000
2026-05-11T02:22:40.297565,22163.199986,11.860081,oscillation,robust_fallback,186,1.8600,100,170,1.7000,100,1,median_filtered,5,4000
2026-05-11T02:22:40.317529,22163.219993,11.880088,oscillation,robust_fallback,195,1.9500,100,178,1.7800,100,1,median_filtered,5,4000
2026-05-11T02:22:40.337508,22163.239981,11.900076,oscillation,robust_fallback,204,2.0400,100,186,1.8600,100,1,median_filtered,5,4000
2026-05-11T02:22:40.357567,22163.260010,11.920106,oscillation,robust_fallback,213,2.1300,100,195,1.9500,100,1,median_filtered,5,4000
2026-05-11T02:22:40.377497,22163.279979,11.940074,oscillation,robust_fallback,222,2.2200,100,204,2.0400,100,1,median_filtered,5,4000
2026-05-11T02:22:40.397508,22163.299985,11.960080,oscillation,robust_fallback,231,2.3100,100,213,2.1300,100,1,median_filtered,5,4000
2026-05-11T02:22:40.417568,22163.320021,11.980116,oscillation,robust_fallback,241,2.4100,100,222,2.2200,100,1,median_filtered,5,4000
2026-05-11T02:22:40.437492,22163.339981,12.000076,oscillation,robust_fallback,250,2.5000,100,231,2.3100,100,1,median_filtered,5,4000
2026-05-11T02:22:40.457645,22163.359992,12.020087,oscillation,robust_fallback,259,2.5900,100,241,2.4100,100,1,median_filtered,5,4000
2026-05-11T02:22:40.477528,22163.379982,12.040077,oscillation,robust_fallback,269,2.6900,100,250,2.5000,100,1,median_filtered,5,4000
2026-05-11T02:22:40.497531,22163.399984,12.060079,oscillation,robust_fallback,278,2.7800,100,259,2.5900,100,1,median_filtered,5,4000
2026-05-11T02:22:40.517509,22163.419978,12.080073,oscillation,robust_fallback,287,2.8700,100,269,2.6900,100,1,median_filtered,5,4000
2026-05-11T02:22:40.537544,22163.439995,12.100090,oscillation,robust_fallback,296,2.9600,100,278,2.7800,100,1,median_filtered,5,4000
2026-05-11T02:22:40.557520,22163.459984,12.120079,oscillation,robust_fallback,305,3.0500,100,287,2.8700,100,1,median_filtered,5,4000
2026-05-11T02:22:40.577533,22163.479981,12.140076,oscillation,robust_fallback,314,3.1400,100,296,2.9600,100,1,median_filtered,5,4000
2026-05-11T02:22:40.597539,22163.499984,12.160079,oscillation,robust_fallback,322,3.2200,100,305,3.0500,100,1,median_filtered,5,4000
2026-05-11T02:22:40.617561,22163.519988,12.180083,oscillation,robust_fallback,330,3.3000,100,314,3.1400,100,1,median_filtered,5,4000
2026-05-11T02:22:40.637513,22163.539976,12.200071,oscillation,robust_fallback,338,3.3800,100,322,3.2200,100,1,median_filtered,5,4000
2026-05-11T02:22:40.657568,22163.559990,12.220085,oscillation,robust_fallback,346,3.4600,100,330,3.3000,100,1,median_filtered,5,4000
2026-05-11T02:22:40.677540,22163.579985,12.240080,oscillation,robust_fallback,353,3.5300,100,338,3.3800,100,1,median_filtered,5,4000
2026-05-11T02:22:40.697718,22163.600017,12.260112,oscillation,robust_fallback,359,3.5900,100,346,3.4600,100,1,median_filtered,5,4000
2026-05-11T02:22:40.717504,22163.619976,12.280071,oscillation,robust_fallback,366,3.6600,100,353,3.5300,100,1,median_filtered,5,4000
2026-05-11T02:22:40.737498,22163.639979,12.300074,oscillation,robust_fallback,371,3.7100,100,359,3.5900,100,1,median_filtered,5,4000
2026-05-11T02:22:40.757501,22163.659981,12.320076,oscillation,robust_fallback,377,3.7700,100,366,3.6600,100,1,median_filtered,5,4000
2026-05-11T02:22:40.777606,22163.679994,12.340090,oscillation,robust_fallback,381,3.8100,100,371,3.7100,100,1,median_filtered,5,4000
2026-05-11T02:22:40.797501,22163.699985,12.360080,oscillation,robust_fallback,386,3.8600,100,377,3.7700,100,1,median_filtered,5,4000
2026-05-11T02:22:40.817501,22163.719984,12.380079,oscillation,robust_fallback,389,3.8900,100,381,3.8100,100,1,median_filtered,5,4000
2026-05-11T02:22:40.837513,22163.739981,12.400076,oscillation,robust_fallback,393,3.9300,100,386,3.8600,100,1,median_filtered,5,4000
2026-05-11T02:22:40.857673,22163.759995,12.420090,oscillation,robust_fallback,395,3.9500,100,389,3.8900,100,1,median_filtered,5,4000
2026-05-11T02:22:40.877491,22163.779979,12.440074,oscillation,robust_fallback,397,3.9700,100,393,3.9300,100,1,median_filtered,5,4000
2026-05-11T02:22:40.897471,22163.799980,12.460075,oscillation,robust_fallback,399,3.9900,100,395,3.9500,100,1,median_filtered,5,4000
2026-05-11T02:22:40.917491,22163.819980,12.480075,oscillation,robust_fallback,400,4.0000,100,397,3.9700,100,1,median_filtered,5,4000
2026-05-11T02:22:40.937492,22163.839982,12.500077,oscillation,robust_fallback,400,4.0000,100,399,3.9900,100,1,median_filtered,5,4000
2026-05-11T02:22:40.957464,22163.859977,12.520072,oscillation,robust_fallback,400,4.0000,100,400,4.0000,100,1,median_filtered,5,4000
2026-05-11T02:22:40.977518,22163.880013,12.540109,oscillation,robust_fallback,399,3.9900,100,400,4.0000,100,1,median_filtered,5,4000
2026-05-11T02:22:40.997541,22163.899987,12.560082,oscillation,robust_fallback,397,3.9700,100,400,4.0000,100,1,median_filtered,5,4000
2026-05-11T02:22:41.017552,22163.919988,12.580083,oscillation,robust_fallback,395,3.9500,100,399,3.9900,100,1,median_filtered,5,4000
2026-05-11T02:22:41.037538,22163.940007,12.600102,oscillation,robust_fallback,393,3.9300,100,397,3.9700,100,1,median_filtered,5,4000
2026-05-11T02:22:41.057504,22163.959979,12.620074,oscillation,robust_fallback,389,3.8900,100,395,3.9500,100,1,median_filtered,5,4000
2026-05-11T02:22:41.077478,22163.979977,12.640072,oscillation,robust_fallback,386,3.8600,100,393,3.9300,100,1,median_filtered,5,4000
2026-05-11T02:22:41.097532,22163.999985,12.660080,oscillation,robust_fallback,381,3.8100,100,389,3.8900,100,1,median_filtered,5,4000
2026-05-11T02:22:41.117548,22164.019987,12.680082,oscillation,robust_fallback,377,3.7700,100,386,3.8600,100,1,median_filtered,5,4000
2026-05-11T02:22:41.137531,22164.039987,12.700082,oscillation,robust_fallback,371,3.7100,100,381,3.8100,100,1,median_filtered,5,4000
2026-05-11T02:22:41.157550,22164.059992,12.720087,oscillation,robust_fallback,366,3.6600,100,377,3.7700,100,1,median_filtered,5,4000
2026-05-11T02:22:41.177509,22164.079980,12.740075,oscillation,robust_fallback,359,3.5900,100,371,3.7100,100,1,median_filtered,5,4000
2026-05-11T02:22:41.197566,22164.099980,12.760075,oscillation,robust_fallback,353,3.5300,100,366,3.6600,100,1,median_filtered,5,4000
2026-05-11T02:22:41.217554,22164.119983,12.780078,oscillation,robust_fallback,346,3.4600,100,359,3.5900,100,1,median_filtered,5,4000
2026-05-11T02:22:41.237544,22164.139989,12.800084,oscillation,robust_fallback,338,3.3800,100,353,3.5300,100,1,median_filtered,5,4000
2026-05-11T02:22:41.257572,22164.159988,12.820083,oscillation,robust_fallback,330,3.3000,100,346,3.4600,100,1,median_filtered,5,4000
2026-05-11T02:22:41.277565,22164.179990,12.840085,oscillation,robust_fallback,322,3.2200,100,338,3.3800,100,1,median_filtered,5,4000
2026-05-11T02:22:41.297483,22164.199982,12.860077,oscillation,robust_fallback,314,3.1400,100,330,3.3000,100,1,median_filtered,5,4000
2026-05-11T02:22:41.317485,22164.219979,12.880074,oscillation,robust_fallback,305,3.0500,100,322,3.2200,100,1,median_filtered,5,4000
2026-05-11T02:22:41.337545,22164.239984,12.900079,oscillation,robust_fallback,296,2.9600,100,314,3.1400,100,1,median_filtered,5,4000
2026-05-11T02:22:41.357549,22164.259989,12.920084,oscillation,robust_fallback,287,2.8700,100,305,3.0500,100,1,median_filtered,5,4000
2026-05-11T02:22:41.377583,22164.280013,12.940108,oscillation,robust_fallback,278,2.7800,100,296,2.9600,100,1,median_filtered,5,4000
2026-05-11T02:22:41.397487,22164.299982,12.960077,oscillation,robust_fallback,269,2.6900,100,287,2.8700,100,1,median_filtered,5,4000
2026-05-11T02:22:41.417512,22164.319983,12.980078,oscillation,robust_fallback,259,2.5900,100,278,2.7800,100,1,median_filtered,5,4000
2026-05-11T02:22:41.437536,22164.339983,13.000078,oscillation,robust_fallback,250,2.5000,100,269,2.6900,100,1,median_filtered,5,4000
2026-05-11T02:22:41.457583,22164.359990,13.020085,oscillation,robust_fallback,241,2.4100,100,259,2.5900,100,1,median_filtered,5,4000
2026-05-11T02:22:41.477538,22164.379989,13.040084,oscillation,robust_fallback,231,2.3100,100,250,2.5000,100,1,median_filtered,5,4000
2026-05-11T02:22:41.497545,22164.400000,13.060095,oscillation,robust_fallback,222,2.2200,100,241,2.4100,100,1,median_filtered,5,4000
2026-05-11T02:22:41.517485,22164.419982,13.080077,oscillation,robust_fallback,213,2.1300,100,231,2.3100,100,1,median_filtered,5,4000
2026-05-11T02:22:41.537560,22164.440015,13.100110,oscillation,robust_fallback,204,2.0400,100,222,2.2200,100,1,median_filtered,5,4000
2026-05-11T02:22:41.557489,22164.459982,13.120077,oscillation,robust_fallback,195,1.9500,100,213,2.1300,100,1,median_filtered,5,4000
2026-05-11T02:22:41.577527,22164.479985,13.140080,oscillation,robust_fallback,186,1.8600,100,204,2.0400,100,1,median_filtered,5,4000
2026-05-11T02:22:41.597532,22164.499989,13.160084,oscillation,robust_fallback,178,1.7800,100,195,1.9500,100,1,median_filtered,5,4000
2026-05-11T02:22:41.617520,22164.519980,13.180075,oscillation,robust_fallback,170,1.7000,100,186,1.8600,100,1,median_filtered,5,4000
2026-05-11T02:22:41.637491,22164.539980,13.200075,oscillation,robust_fallback,162,1.6200,100,178,1.7800,100,1,median_filtered,5,4000
2026-05-11T02:22:41.657474,22164.559980,13.220075,oscillation,robust_fallback,154,1.5400,100,170,1.7000,100,1,median_filtered,5,4000
2026-05-11T02:22:41.677451,22164.579978,13.240073,oscillation,robust_fallback,147,1.4700,100,162,1.6200,100,1,median_filtered,5,4000
2026-05-11T02:22:41.697541,22164.599987,13.260082,oscillation,robust_fallback,141,1.4100,100,154,1.5400,100,1,median_filtered,5,4000
2026-05-11T02:22:41.717528,22164.619987,13.280082,oscillation,robust_fallback,134,1.3400,100,147,1.4700,100,1,median_filtered,5,4000
2026-05-11T02:22:41.737565,22164.639993,13.300088,oscillation,robust_fallback,129,1.2900,100,141,1.4100,100,1,median_filtered,5,4000
2026-05-11T02:22:41.757486,22164.659980,13.320075,oscillation,robust_fallback,123,1.2300,100,134,1.3400,100,1,median_filtered,5,4000
2026-05-11T02:22:41.777544,22164.680009,13.340104,oscillation,robust_fallback,119,1.1900,100,129,1.2900,100,1,median_filtered,5,4000
2026-05-11T02:22:41.797506,22164.699985,13.360080,oscillation,robust_fallback,114,1.1400,100,123,1.2300,100,1,median_filtered,5,4000
2026-05-11T02:22:41.817511,22164.719982,13.380077,oscillation,robust_fallback,111,1.1100,100,119,1.1900,100,1,median_filtered,5,4000
2026-05-11T02:22:41.837508,22164.739983,13.400078,oscillation,robust_fallback,107,1.0700,100,114,1.1400,100,1,median_filtered,5,4000
2026-05-11T02:22:41.857656,22164.759995,13.420090,oscillation,robust_fallback,105,1.0500,100,111,1.1100,100,1,median_filtered,5,4000
2026-05-11T02:22:41.877481,22164.779979,13.440074,oscillation,robust_fallback,103,1.0300,100,107,1.0700,100,1,median_filtered,5,4000
2026-05-11T02:22:41.897529,22164.799987,13.460082,oscillation,robust_fallback,101,1.0100,100,105,1.0500,100,1,median_filtered,5,4000
2026-05-11T02:22:41.917526,22164.819984,13.480079,oscillation,robust_fallback,100,1.0000,100,103,1.0300,100,1,median_filtered,5,4000
2026-05-11T02:22:41.937638,22164.839998,13.500093,oscillation,robust_fallback,100,1.0000,100,101,1.0100,100,1,median_filtered,5,4000
2026-05-11T02:22:41.957503,22164.859981,13.520076,oscillation,robust_fallback,100,1.0000,100,100,1.0000,100,1,median_filtered,5,4000
2026-05-11T02:22:41.977503,22164.879979,13.540074,oscillation,robust_fallback,101,1.0100,100,100,1.0000,100,1,median_filtered,5,4000
2026-05-11T02:22:41.997528,22164.899984,13.560079,oscillation,robust_fallback,103,1.0300,100,100,1.0000,100,1,median_filtered,5,4000
2026-05-11T02:22:42.017567,22164.919987,13.580082,oscillation,robust_fallback,105,1.0500,100,101,1.0100,100,1,median_filtered,5,4000
2026-05-11T02:22:42.037488,22164.939980,13.600075,oscillation,robust_fallback,107,1.0700,100,103,1.0300,100,1,median_filtered,5,4000
2026-05-11T02:22:42.057538,22164.960019,13.620114,oscillation,robust_fallback,111,1.1100,100,105,1.0500,100,1,median_filtered,5,4000
2026-05-11T02:22:42.077608,22164.980014,13.640109,oscillation,robust_fallback,114,1.1400,100,107,1.0700,100,1,median_filtered,5,4000
2026-05-11T02:22:42.097519,22164.999988,13.660083,oscillation,robust_fallback,119,1.1900,100,111,1.1100,100,1,median_filtered,5,4000
2026-05-11T02:22:42.117509,22165.019984,13.680079,oscillation,robust_fallback,123,1.2300,100,114,1.1400,100,1,median_filtered,5,4000
2026-05-11T02:22:42.137504,22165.039979,13.700074,oscillation,robust_fallback,129,1.2900,100,119,1.1900,100,1,median_filtered,5,4000
2026-05-11T02:22:42.157566,22165.060024,13.720119,oscillation,robust_fallback,134,1.3400,100,123,1.2300,100,1,median_filtered,5,4000
2026-05-11T02:22:42.177532,22165.079987,13.740082,oscillation,robust_fallback,141,1.4100,100,129,1.2900,100,1,median_filtered,5,4000
2026-05-11T02:22:42.197552,22165.099988,13.760083,oscillation,robust_fallback,147,1.4700,100,134,1.3400,100,1,median_filtered,5,4000
2026-05-11T02:22:42.217547,22165.120026,13.780121,oscillation,robust_fallback,154,1.5400,100,141,1.4100,100,1,median_filtered,5,4000
2026-05-11T02:22:42.237504,22165.139984,13.800079,oscillation,robust_fallback,162,1.6200,100,147,1.4700,100,1,median_filtered,5,4000
2026-05-11T02:22:42.257514,22165.159984,13.820079,oscillation,robust_fallback,170,1.7000,100,154,1.5400,100,1,median_filtered,5,4000
2026-05-11T02:22:42.277676,22165.180020,13.840115,oscillation,robust_fallback,178,1.7800,100,162,1.6200,100,1,median_filtered,5,4000
2026-05-11T02:22:42.297483,22165.199981,13.860076,oscillation,robust_fallback,186,1.8600,100,170,1.7000,100,1,median_filtered,5,4000
2026-05-11T02:22:42.317538,22165.219988,13.880083,oscillation,robust_fallback,195,1.9500,100,178,1.7800,100,1,median_filtered,5,4000
2026-05-11T02:22:42.337547,22165.239986,13.900081,oscillation,robust_fallback,204,2.0400,100,186,1.8600,100,1,median_filtered,5,4000
2026-05-11T02:22:42.357546,22165.259991,13.920086,oscillation,robust_fallback,213,2.1300,100,195,1.9500,100,1,median_filtered,5,4000
2026-05-11T02:22:42.377511,22165.279983,13.940078,oscillation,robust_fallback,222,2.2200,100,204,2.0400,100,1,median_filtered,5,4000
2026-05-11T02:22:42.397526,22165.299988,13.960083,oscillation,robust_fallback,231,2.3100,100,213,2.1300,100,1,median_filtered,5,4000
2026-05-11T02:22:42.417539,22165.319987,13.980082,oscillation,robust_fallback,241,2.4100,100,222,2.2200,100,1,median_filtered,5,4000
2026-05-11T02:22:42.437535,22165.339989,14.000084,oscillation,robust_fallback,250,2.5000,100,231,2.3100,100,1,median_filtered,5,4000
2026-05-11T02:22:42.457541,22165.359986,14.020081,oscillation,robust_fallback,259,2.5900,100,241,2.4100,100,1,median_filtered,5,4000
2026-05-11T02:22:42.477520,22165.379980,14.040075,oscillation,robust_fallback,269,2.6900,100,250,2.5000,100,1,median_filtered,5,4000
2026-05-11T02:22:42.497532,22165.399990,14.060085,oscillation,robust_fallback,278,2.7800,100,259,2.5900,100,1,median_filtered,5,4000
2026-05-11T02:22:42.517530,22165.419991,14.080086,oscillation,robust_fallback,287,2.8700,100,269,2.6900,100,1,median_filtered,5,4000
2026-05-11T02:22:42.537489,22165.439980,14.100075,oscillation,robust_fallback,296,2.9600,100,278,2.7800,100,1,median_filtered,5,4000
2026-05-11T02:22:42.557531,22165.459988,14.120083,oscillation,robust_fallback,305,3.0500,100,287,2.8700,100,1,median_filtered,5,4000
2026-05-11T02:22:42.577523,22165.479984,14.140079,oscillation,robust_fallback,314,3.1400,100,296,2.9600,100,1,median_filtered,5,4000
2026-05-11T02:22:42.597520,22165.499983,14.160078,oscillation,robust_fallback,322,3.2200,100,305,3.0500,100,1,median_filtered,5,4000
2026-05-11T02:22:42.617522,22165.519983,14.180078,oscillation,robust_fallback,330,3.3000,100,314,3.1400,100,1,median_filtered,5,4000
2026-05-11T02:22:42.637563,22165.539989,14.200084,oscillation,robust_fallback,338,3.3800,100,322,3.2200,100,1,median_filtered,5,4000
2026-05-11T02:22:42.657554,22165.559994,14.220089,oscillation,robust_fallback,346,3.4600,100,330,3.3000,100,1,median_filtered,5,4000
2026-05-11T02:22:42.677525,22165.579985,14.240080,oscillation,robust_fallback,353,3.5300,100,338,3.3800,100,1,median_filtered,5,4000
2026-05-11T02:22:42.697537,22165.599985,14.260080,oscillation,robust_fallback,359,3.5900,100,346,3.4600,100,1,median_filtered,5,4000
2026-05-11T02:22:42.717521,22165.619984,14.280079,oscillation,robust_fallback,366,3.6600,100,353,3.5300,100,1,median_filtered,5,4000
2026-05-11T02:22:42.737486,22165.639978,14.300073,oscillation,robust_fallback,371,3.7100,100,359,3.5900,100,1,median_filtered,5,4000
2026-05-11T02:22:42.757512,22165.659980,14.320075,oscillation,robust_fallback,377,3.7700,100,366,3.6600,100,1,median_filtered,5,4000
2026-05-11T02:22:42.777523,22165.679985,14.340080,oscillation,robust_fallback,381,3.8100,100,371,3.7100,100,1,median_filtered,5,4000
2026-05-11T02:22:42.797538,22165.699986,14.360081,oscillation,robust_fallback,386,3.8600,100,377,3.7700,100,1,median_filtered,5,4000
2026-05-11T02:22:42.817561,22165.719994,14.380089,oscillation,robust_fallback,389,3.8900,100,381,3.8100,100,1,median_filtered,5,4000
2026-05-11T02:22:42.837530,22165.739979,14.400074,oscillation,robust_fallback,393,3.9300,100,386,3.8600,100,1,median_filtered,5,4000
2026-05-11T02:22:42.857637,22165.760030,14.420125,oscillation,robust_fallback,395,3.9500,100,389,3.8900,100,1,median_filtered,5,4000
2026-05-11T02:22:42.877595,22165.779986,14.440082,oscillation,robust_fallback,397,3.9700,100,393,3.9300,100,1,median_filtered,5,4000
2026-05-11T02:22:42.897537,22165.799982,14.460077,oscillation,robust_fallback,399,3.9900,100,395,3.9500,100,1,median_filtered,5,4000
2026-05-11T02:22:42.917552,22165.819990,14.480085,oscillation,robust_fallback,400,4.0000,100,397,3.9700,100,1,median_filtered,5,4000
2026-05-11T02:22:42.937678,22165.840011,14.500106,oscillation,robust_fallback,400,4.0000,100,399,3.9900,100,1,median_filtered,5,4000
2026-05-11T02:22:42.957578,22165.860019,14.520114,oscillation,robust_fallback,400,4.0000,100,400,4.0000,100,1,median_filtered,5,4000
2026-05-11T02:22:42.977520,22165.879983,14.540078,oscillation,robust_fallback,399,3.9900,100,400,4.0000,100,1,median_filtered,5,4000
2026-05-11T02:22:42.997511,22165.899982,14.560077,oscillation,robust_fallback,397,3.9700,100,400,4.0000,100,1,median_filtered,5,4000
2026-05-11T02:22:43.017688,22165.920014,14.580109,oscillation,robust_fallback,395,3.9500,100,399,3.9900,100,1,median_filtered,5,4000
2026-05-11T02:22:43.037538,22165.939997,14.600092,oscillation,robust_fallback,393,3.9300,100,397,3.9700,100,1,median_filtered,5,4000
2026-05-11T02:22:43.057490,22165.959986,14.620081,oscillation,robust_fallback,389,3.8900,100,395,3.9500,100,1,median_filtered,5,4000
2026-05-11T02:22:43.077536,22165.979985,14.640080,oscillation,robust_fallback,386,3.8600,100,393,3.9300,100,1,median_filtered,5,4000
2026-05-11T02:22:43.097501,22165.999979,14.660074,oscillation,robust_fallback,381,3.8100,100,389,3.8900,100,1,median_filtered,5,4000
2026-05-11T02:22:43.117540,22166.020014,14.680109,oscillation,robust_fallback,377,3.7700,100,386,3.8600,100,1,median_filtered,5,4000
2026-05-11T02:22:43.137468,22166.039978,14.700073,oscillation,robust_fallback,371,3.7100,100,381,3.8100,100,1,median_filtered,5,4000
2026-05-11T02:22:43.157523,22166.059980,14.720075,oscillation,robust_fallback,366,3.6600,100,377,3.7700,100,1,median_filtered,5,4000
2026-05-11T02:22:43.177556,22166.079988,14.740083,oscillation,robust_fallback,359,3.5900,100,371,3.7100,100,1,median_filtered,5,4000
2026-05-11T02:22:43.197539,22166.099986,14.760082,oscillation,robust_fallback,353,3.5300,100,366,3.6600,100,1,median_filtered,5,4000
2026-05-11T02:22:43.217539,22166.119988,14.780083,oscillation,robust_fallback,346,3.4600,100,359,3.5900,100,1,median_filtered,5,4000
2026-05-11T02:22:43.237555,22166.139991,14.800086,oscillation,robust_fallback,338,3.3800,100,353,3.5300,100,1,median_filtered,5,4000
2026-05-11T02:22:43.257560,22166.160014,14.820109,oscillation,robust_fallback,330,3.3000,100,346,3.4600,100,1,median_filtered,5,4000
2026-05-11T02:22:43.277547,22166.179990,14.840085,oscillation,robust_fallback,322,3.2200,100,338,3.3800,100,1,median_filtered,5,4000
2026-05-11T02:22:43.297507,22166.199982,14.860077,oscillation,robust_fallback,314,3.1400,100,330,3.3000,100,1,median_filtered,5,4000
2026-05-11T02:22:43.317470,22166.219976,14.880071,oscillation,robust_fallback,305,3.0500,100,322,3.2200,100,1,median_filtered,5,4000
2026-05-11T02:22:43.337533,22166.239985,14.900080,oscillation,robust_fallback,296,2.9600,100,314,3.1400,100,1,median_filtered,5,4000
2026-05-11T02:22:43.357643,22166.259987,14.920082,oscillation,robust_fallback,287,2.8700,100,305,3.0500,100,1,median_filtered,5,4000
2026-05-11T02:22:43.377495,22166.279980,14.940075,oscillation,robust_fallback,278,2.7800,100,296,2.9600,100,1,median_filtered,5,4000
2026-05-11T02:22:43.397513,22166.299975,14.960070,oscillation,robust_fallback,269,2.6900,100,287,2.8700,100,1,median_filtered,5,4000
2026-05-11T02:22:43.417502,22166.319982,14.980077,oscillation,robust_fallback,259,2.5900,100,278,2.7800,100,1,median_filtered,5,4000
2026-05-11T02:22:43.437546,22166.339983,15.000078,oscillation,robust_fallback,250,2.5000,100,269,2.6900,100,1,median_filtered,5,4000
2026-05-11T02:22:43.457531,22166.359987,15.020082,oscillation,robust_fallback,241,2.4100,100,259,2.5900,100,1,median_filtered,5,4000
2026-05-11T02:22:43.477489,22166.379984,15.040079,oscillation,robust_fallback,231,2.3100,100,250,2.5000,100,1,median_filtered,5,4000
2026-05-11T02:22:43.497546,22166.399979,15.060074,oscillation,robust_fallback,222,2.2200,100,241,2.4100,100,1,median_filtered,5,4000
2026-05-11T02:22:43.517696,22166.420013,15.080108,oscillation,robust_fallback,213,2.1300,100,231,2.3100,100,1,median_filtered,5,4000
2026-05-11T02:22:43.537583,22166.439990,15.100085,oscillation,robust_fallback,204,2.0400,100,222,2.2200,100,1,median_filtered,5,4000
2026-05-11T02:22:43.557600,22166.459991,15.120086,oscillation,robust_fallback,195,1.9500,100,213,2.1300,100,1,median_filtered,5,4000
2026-05-11T02:22:43.577558,22166.479988,15.140083,oscillation,robust_fallback,186,1.8600,100,204,2.0400,100,1,median_filtered,5,4000
2026-05-11T02:22:43.597755,22166.500032,15.160127,oscillation,robust_fallback,178,1.7800,100,195,1.9500,100,1,median_filtered,5,4000
2026-05-11T02:22:43.617720,22166.519988,15.180083,oscillation,robust_fallback,170,1.7000,100,186,1.8600,100,1,median_filtered,5,4000
2026-05-11T02:22:43.637557,22166.539988,15.200083,oscillation,robust_fallback,162,1.6200,100,178,1.7800,100,1,median_filtered,5,4000
2026-05-11T02:22:43.657578,22166.559990,15.220085,oscillation,robust_fallback,154,1.5400,100,170,1.7000,100,1,median_filtered,5,4000
2026-05-11T02:22:43.677545,22166.579977,15.240072,oscillation,robust_fallback,147,1.4700,100,162,1.6200,100,1,median_filtered,5,4000
2026-05-11T02:22:43.697533,22166.599987,15.260082,oscillation,robust_fallback,141,1.4100,100,154,1.5400,100,1,median_filtered,5,4000
2026-05-11T02:22:43.717562,22166.619993,15.280088,oscillation,robust_fallback,134,1.3400,100,147,1.4700,100,1,median_filtered,5,4000
2026-05-11T02:22:43.737521,22166.639984,15.300079,oscillation,robust_fallback,129,1.2900,100,141,1.4100,100,1,median_filtered,5,4000
2026-05-11T02:22:43.757524,22166.659985,15.320080,oscillation,robust_fallback,123,1.2300,100,134,1.3400,100,1,median_filtered,5,4000
2026-05-11T02:22:43.777627,22166.680005,15.340100,oscillation,robust_fallback,119,1.1900,100,129,1.2900,100,1,median_filtered,5,4000
2026-05-11T02:22:43.797505,22166.699984,15.360079,oscillation,robust_fallback,114,1.1400,100,123,1.2300,100,1,median_filtered,5,4000
2026-05-11T02:22:43.817490,22166.719978,15.380073,oscillation,robust_fallback,111,1.1100,100,119,1.1900,100,1,median_filtered,5,4000
2026-05-11T02:22:43.837499,22166.739980,15.400075,oscillation,robust_fallback,107,1.0700,100,114,1.1400,100,1,median_filtered,5,4000
2026-05-11T02:22:43.857490,22166.759978,15.420073,oscillation,robust_fallback,105,1.0500,100,111,1.1100,100,1,median_filtered,5,4000
2026-05-11T02:22:43.877481,22166.779975,15.440070,oscillation,robust_fallback,103,1.0300,100,107,1.0700,100,1,median_filtered,5,4000
2026-05-11T02:22:43.897458,22166.799974,15.460069,oscillation,robust_fallback,101,1.0100,100,105,1.0500,100,1,median_filtered,5,4000
2026-05-11T02:22:43.917542,22166.819987,15.480082,oscillation,robust_fallback,100,1.0000,100,103,1.0300,100,1,median_filtered,5,4000
2026-05-11T02:22:43.937633,22166.840026,15.500121,oscillation,robust_fallback,100,1.0000,100,101,1.0100,100,1,median_filtered,5,4000
2026-05-11T02:22:43.957566,22166.860021,15.520116,oscillation,robust_fallback,100,1.0000,100,100,1.0000,100,1,median_filtered,5,4000
2026-05-11T02:22:43.977484,22166.879978,15.540073,oscillation,robust_fallback,101,1.0100,100,100,1.0000,100,1,median_filtered,5,4000
2026-05-11T02:22:43.997543,22166.899990,15.560085,oscillation,robust_fallback,103,1.0300,100,100,1.0000,100,1,median_filtered,5,4000
2026-05-11T02:22:44.017703,22166.920016,15.580111,oscillation,robust_fallback,105,1.0500,100,101,1.0100,100,1,median_filtered,5,4000
2026-05-11T02:22:44.037523,22166.939983,15.600078,oscillation,robust_fallback,107,1.0700,100,103,1.0300,100,1,median_filtered,5,4000
2026-05-11T02:22:44.057523,22166.959984,15.620079,oscillation,robust_fallback,111,1.1100,100,105,1.0500,100,1,median_filtered,5,4000
2026-05-11T02:22:44.077460,22166.979976,15.640071,oscillation,robust_fallback,114,1.1400,100,107,1.0700,100,1,median_filtered,5,4000
2026-05-11T02:22:44.097567,22166.999991,15.660086,oscillation,robust_fallback,119,1.1900,100,111,1.1100,100,1,median_filtered,5,4000
2026-05-11T02:22:44.117478,22167.019980,15.680076,oscillation,robust_fallback,123,1.2300,100,114,1.1400,100,1,median_filtered,5,4000
2026-05-11T02:22:44.137492,22167.039976,15.700071,oscillation,robust_fallback,129,1.2900,100,119,1.1900,100,1,median_filtered,5,4000
2026-05-11T02:22:44.157526,22167.059984,15.720079,oscillation,robust_fallback,134,1.3400,100,123,1.2300,100,1,median_filtered,5,4000
2026-05-11T02:22:44.177646,22167.079995,15.740090,oscillation,robust_fallback,141,1.4100,100,129,1.2900,100,1,median_filtered,5,4000
2026-05-11T02:22:44.197509,22167.100009,15.760104,oscillation,robust_fallback,147,1.4700,100,134,1.3400,100,1,median_filtered,5,4000
2026-05-11T02:22:44.217481,22167.119980,15.780075,oscillation,robust_fallback,154,1.5400,100,141,1.4100,100,1,median_filtered,5,4000
2026-05-11T02:22:44.237493,22167.139979,15.800074,oscillation,robust_fallback,162,1.6200,100,147,1.4700,100,1,median_filtered,5,4000
2026-05-11T02:22:44.257477,22167.159979,15.820074,oscillation,robust_fallback,170,1.7000,100,154,1.5400,100,1,median_filtered,5,4000
2026-05-11T02:22:44.277454,22167.179984,15.840079,oscillation,robust_fallback,178,1.7800,100,162,1.6200,100,1,median_filtered,5,4000
2026-05-11T02:22:44.297530,22167.199986,15.860081,oscillation,robust_fallback,186,1.8600,100,170,1.7000,100,1,median_filtered,5,4000
2026-05-11T02:22:44.317542,22167.219986,15.880081,oscillation,robust_fallback,195,1.9500,100,178,1.7800,100,1,median_filtered,5,4000
2026-05-11T02:22:44.337506,22167.239988,15.900083,oscillation,robust_fallback,204,2.0400,100,186,1.8600,100,1,median_filtered,5,4000
2026-05-11T02:22:44.357533,22167.259986,15.920081,oscillation,robust_fallback,213,2.1300,100,195,1.9500,100,1,median_filtered,5,4000
2026-05-11T02:22:44.377530,22167.279988,15.940083,oscillation,robust_fallback,222,2.2200,100,204,2.0400,100,1,median_filtered,5,4000
2026-05-11T02:22:44.397603,22167.299989,15.960084,oscillation,robust_fallback,231,2.3100,100,213,2.1300,100,1,median_filtered,5,4000
2026-05-11T02:22:44.417650,22167.320011,15.980106,oscillation,robust_fallback,241,2.4100,100,222,2.2200,100,1,median_filtered,5,4000
2026-05-11T02:22:44.437776,22167.340026,16.000121,oscillation,robust_fallback,250,2.5000,100,231,2.3100,100,1,median_filtered,5,4000
2026-05-11T02:22:44.457539,22167.359984,16.020079,oscillation,robust_fallback,259,2.5900,100,241,2.4100,100,1,median_filtered,5,4000
2026-05-11T02:22:44.477594,22167.380021,16.040116,oscillation,robust_fallback,269,2.6900,100,250,2.5000,100,1,median_filtered,5,4000
2026-05-11T02:22:44.497595,22167.399968,16.060063,oscillation,robust_fallback,278,2.7800,100,259,2.5900,100,1,median_filtered,5,4000
2026-05-11T02:22:44.517563,22167.419998,16.080093,oscillation,robust_fallback,287,2.8700,100,269,2.6900,100,1,median_filtered,5,4000
2026-05-11T02:22:44.537500,22167.439977,16.100072,oscillation,robust_fallback,296,2.9600,100,278,2.7800,100,1,median_filtered,5,4000
2026-05-11T02:22:44.557543,22167.459990,16.120085,oscillation,robust_fallback,305,3.0500,100,287,2.8700,100,1,median_filtered,5,4000
2026-05-11T02:22:44.577530,22167.479983,16.140079,oscillation,robust_fallback,314,3.1400,100,296,2.9600,100,1,median_filtered,5,4000
2026-05-11T02:22:44.597700,22167.499992,16.160087,oscillation,robust_fallback,322,3.2200,100,305,3.0500,100,1,median_filtered,5,4000
2026-05-11T02:22:44.617483,22167.519982,16.180078,oscillation,robust_fallback,330,3.3000,100,314,3.1400,100,1,median_filtered,5,4000
2026-05-11T02:22:44.637545,22167.539989,16.200084,oscillation,robust_fallback,338,3.3800,100,322,3.2200,100,1,median_filtered,5,4000
2026-05-11T02:22:44.657551,22167.559992,16.220087,oscillation,robust_fallback,346,3.4600,100,330,3.3000,100,1,median_filtered,5,4000
2026-05-11T02:22:44.677688,22167.580027,16.240122,oscillation,robust_fallback,353,3.5300,100,338,3.3800,100,1,median_filtered,5,4000
2026-05-11T02:22:44.697522,22167.600013,16.260108,oscillation,robust_fallback,359,3.5900,100,346,3.4600,100,1,median_filtered,5,4000
2026-05-11T02:22:44.717517,22167.619980,16.280075,oscillation,robust_fallback,366,3.6600,100,353,3.5300,100,1,median_filtered,5,4000
2026-05-11T02:22:44.737525,22167.640019,16.300114,oscillation,robust_fallback,371,3.7100,100,359,3.5900,100,1,median_filtered,5,4000
2026-05-11T02:22:44.757599,22167.659987,16.320082,oscillation,robust_fallback,377,3.7700,100,366,3.6600,100,1,median_filtered,5,4000
2026-05-11T02:22:44.777527,22167.679986,16.340081,oscillation,robust_fallback,381,3.8100,100,371,3.7100,100,1,median_filtered,5,4000
2026-05-11T02:22:44.797518,22167.699981,16.360076,oscillation,robust_fallback,386,3.8600,100,377,3.7700,100,1,median_filtered,5,4000
2026-05-11T02:22:44.817523,22167.719984,16.380079,oscillation,robust_fallback,389,3.8900,100,381,3.8100,100,1,median_filtered,5,4000
2026-05-11T02:22:44.837638,22167.739996,16.400091,oscillation,robust_fallback,393,3.9300,100,386,3.8600,100,1,median_filtered,5,4000
2026-05-11T02:22:44.857496,22167.759982,16.420077,oscillation,robust_fallback,395,3.9500,100,389,3.8900,100,1,median_filtered,5,4000
2026-05-11T02:22:44.877511,22167.779985,16.440080,oscillation,robust_fallback,397,3.9700,100,393,3.9300,100,1,median_filtered,5,4000
2026-05-11T02:22:44.897547,22167.799988,16.460083,oscillation,robust_fallback,399,3.9900,100,395,3.9500,100,1,median_filtered,5,4000
2026-05-11T02:22:44.917625,22167.820008,16.480103,oscillation,robust_fallback,400,4.0000,100,397,3.9700,100,1,median_filtered,5,4000
2026-05-11T02:22:44.937518,22167.839983,16.500078,oscillation,robust_fallback,400,4.0000,100,399,3.9900,100,1,median_filtered,5,4000
2026-05-11T02:22:44.957532,22167.860017,16.520112,oscillation,robust_fallback,400,4.0000,100,400,4.0000,100,1,median_filtered,5,4000
2026-05-11T02:22:44.977553,22167.879990,16.540085,oscillation,robust_fallback,399,3.9900,100,400,4.0000,100,1,median_filtered,5,4000
2026-05-11T02:22:44.997536,22167.899989,16.560084,oscillation,robust_fallback,397,3.9700,100,400,4.0000,100,1,median_filtered,5,4000
2026-05-11T02:22:45.017562,22167.919990,16.580085,oscillation,robust_fallback,395,3.9500,100,399,3.9900,100,1,median_filtered,5,4000
2026-05-11T02:22:45.037665,22167.940017,16.600112,oscillation,robust_fallback,393,3.9300,100,397,3.9700,100,1,median_filtered,5,4000
2026-05-11T02:22:45.057571,22167.959993,16.620088,oscillation,robust_fallback,389,3.8900,100,395,3.9500,100,1,median_filtered,5,4000
2026-05-11T02:22:45.077572,22167.979989,16.640084,oscillation,robust_fallback,386,3.8600,100,393,3.9300,100,1,median_filtered,5,4000
2026-05-11T02:22:45.097603,22167.999993,16.660088,oscillation,robust_fallback,381,3.8100,100,389,3.8900,100,1,median_filtered,5,4000
2026-05-11T02:22:45.117503,22168.019982,16.680077,oscillation,robust_fallback,377,3.7700,100,386,3.8600,100,1,median_filtered,5,4000
2026-05-11T02:22:45.137549,22168.039987,16.700082,oscillation,robust_fallback,371,3.7100,100,381,3.8100,100,1,median_filtered,5,4000
2026-05-11T02:22:45.157479,22168.059981,16.720076,oscillation,robust_fallback,366,3.6600,100,377,3.7700,100,1,median_filtered,5,4000
2026-05-11T02:22:45.177625,22168.080023,16.740118,oscillation,robust_fallback,359,3.5900,100,371,3.7100,100,1,median_filtered,5,4000
2026-05-11T02:22:45.197560,22168.099992,16.760087,oscillation,robust_fallback,353,3.5300,100,366,3.6600,100,1,median_filtered,5,4000
2026-05-11T02:22:45.217547,22168.119988,16.780083,oscillation,robust_fallback,346,3.4600,100,359,3.5900,100,1,median_filtered,5,4000
2026-05-11T02:22:45.237492,22168.139980,16.800075,oscillation,robust_fallback,338,3.3800,100,353,3.5300,100,1,median_filtered,5,4000
2026-05-11T02:22:45.257700,22168.159993,16.820088,oscillation,robust_fallback,330,3.3000,100,346,3.4600,100,1,median_filtered,5,4000
2026-05-11T02:22:45.277569,22168.179992,16.840087,oscillation,robust_fallback,322,3.2200,100,338,3.3800,100,1,median_filtered,5,4000
2026-05-11T02:22:45.297567,22168.199988,16.860083,oscillation,robust_fallback,314,3.1400,100,330,3.3000,100,1,median_filtered,5,4000
2026-05-11T02:22:45.317490,22168.219982,16.880077,oscillation,robust_fallback,305,3.0500,100,322,3.2200,100,1,median_filtered,5,4000
2026-05-11T02:22:45.337527,22168.239985,16.900080,oscillation,robust_fallback,296,2.9600,100,314,3.1400,100,1,median_filtered,5,4000
2026-05-11T02:22:45.357548,22168.259989,16.920084,oscillation,robust_fallback,287,2.8700,100,305,3.0500,100,1,median_filtered,5,4000
2026-05-11T02:22:45.377570,22168.279991,16.940086,oscillation,robust_fallback,278,2.7800,100,296,2.9600,100,1,median_filtered,5,4000
2026-05-11T02:22:45.397518,22168.299986,16.960081,oscillation,robust_fallback,269,2.6900,100,287,2.8700,100,1,median_filtered,5,4000
2026-05-11T02:22:45.417483,22168.319977,16.980072,oscillation,robust_fallback,259,2.5900,100,278,2.7800,100,1,median_filtered,5,4000
2026-05-11T02:22:45.437557,22168.339989,17.000084,oscillation,robust_fallback,250,2.5000,100,269,2.6900,100,1,median_filtered,5,4000
2026-05-11T02:22:45.457684,22168.360046,17.020141,oscillation,robust_fallback,241,2.4100,100,259,2.5900,100,1,median_filtered,5,4000
2026-05-11T02:22:45.477527,22168.379987,17.040082,oscillation,robust_fallback,231,2.3100,100,250,2.5000,100,1,median_filtered,5,4000
2026-05-11T02:22:45.497562,22168.399990,17.060085,oscillation,robust_fallback,222,2.2200,100,241,2.4100,100,1,median_filtered,5,4000
2026-05-11T02:22:45.517691,22168.419994,17.080089,oscillation,robust_fallback,213,2.1300,100,231,2.3100,100,1,median_filtered,5,4000
2026-05-11T02:22:45.537584,22168.439993,17.100089,oscillation,robust_fallback,204,2.0400,100,222,2.2200,100,1,median_filtered,5,4000
2026-05-11T02:22:45.557528,22168.459985,17.120080,oscillation,robust_fallback,195,1.9500,100,213,2.1300,100,1,median_filtered,5,4000
2026-05-11T02:22:45.577519,22168.479982,17.140077,oscillation,robust_fallback,186,1.8600,100,204,2.0400,100,1,median_filtered,5,4000
2026-05-11T02:22:45.597782,22168.500040,17.160135,oscillation,robust_fallback,178,1.7800,100,195,1.9500,100,1,median_filtered,5,4000
2026-05-11T02:22:45.617562,22168.520024,17.180119,oscillation,robust_fallback,170,1.7000,100,186,1.8600,100,1,median_filtered,5,4000
2026-05-11T02:22:45.637579,22168.540016,17.200111,oscillation,robust_fallback,162,1.6200,100,178,1.7800,100,1,median_filtered,5,4000
2026-05-11T02:22:45.657729,22168.560045,17.220140,oscillation,robust_fallback,154,1.5400,100,170,1.7000,100,1,median_filtered,5,4000
2026-05-11T02:22:45.677728,22168.580018,17.240113,oscillation,robust_fallback,147,1.4700,100,162,1.6200,100,1,median_filtered,5,4000
2026-05-11T02:22:45.697553,22168.599990,17.260085,oscillation,robust_fallback,141,1.4100,100,154,1.5400,100,1,median_filtered,5,4000
2026-05-11T02:22:45.717576,22168.619991,17.280086,oscillation,robust_fallback,134,1.3400,100,147,1.4700,100,1,median_filtered,5,4000
2026-05-11T02:22:45.737556,22168.639988,17.300083,oscillation,robust_fallback,129,1.2900,100,141,1.4100,100,1,median_filtered,5,4000
2026-05-11T02:22:45.757658,22168.659998,17.320093,oscillation,robust_fallback,123,1.2300,100,134,1.3400,100,1,median_filtered,5,4000
2026-05-11T02:22:45.777601,22168.679996,17.340091,oscillation,robust_fallback,119,1.1900,100,129,1.2900,100,1,median_filtered,5,4000
2026-05-11T02:22:45.797566,22168.699998,17.360093,oscillation,robust_fallback,114,1.1400,100,123,1.2300,100,1,median_filtered,5,4000
2026-05-11T02:22:45.817542,22168.719987,17.380082,oscillation,robust_fallback,111,1.1100,100,119,1.1900,100,1,median_filtered,5,4000
2026-05-11T02:22:45.837577,22168.739991,17.400086,oscillation,robust_fallback,107,1.0700,100,114,1.1400,100,1,median_filtered,5,4000
2026-05-11T02:22:45.857553,22168.759990,17.420085,oscillation,robust_fallback,105,1.0500,100,111,1.1100,100,1,median_filtered,5,4000
2026-05-11T02:22:45.877558,22168.779992,17.440087,oscillation,robust_fallback,103,1.0300,100,107,1.0700,100,1,median_filtered,5,4000
2026-05-11T02:22:45.897543,22168.799986,17.460081,oscillation,robust_fallback,101,1.0100,100,105,1.0500,100,1,median_filtered,5,4000
2026-05-11T02:22:45.917619,22168.819993,17.480088,oscillation,robust_fallback,100,1.0000,100,103,1.0300,100,1,median_filtered,5,4000
2026-05-11T02:22:45.937650,22168.840021,17.500116,oscillation,robust_fallback,100,1.0000,100,101,1.0100,100,1,median_filtered,5,4000
2026-05-11T02:22:45.957585,22168.859995,17.520090,oscillation,robust_fallback,100,1.0000,100,100,1.0000,100,1,median_filtered,5,4000
2026-05-11T02:22:45.977554,22168.879993,17.540088,oscillation,robust_fallback,101,1.0100,100,100,1.0000,100,1,median_filtered,5,4000
2026-05-11T02:22:45.997476,22168.899985,17.560080,oscillation,robust_fallback,103,1.0300,100,100,1.0000,100,1,median_filtered,5,4000
2026-05-11T02:22:46.017545,22168.919986,17.580081,oscillation,robust_fallback,105,1.0500,100,101,1.0100,100,1,median_filtered,5,4000
2026-05-11T02:22:46.037505,22168.939983,17.600078,oscillation,robust_fallback,107,1.0700,100,103,1.0300,100,1,median_filtered,5,4000
2026-05-11T02:22:46.057562,22168.959987,17.620082,oscillation,robust_fallback,111,1.1100,100,105,1.0500,100,1,median_filtered,5,4000
2026-05-11T02:22:46.077626,22168.979986,17.640081,oscillation,robust_fallback,114,1.1400,100,107,1.0700,100,1,median_filtered,5,4000
2026-05-11T02:22:46.097486,22168.999979,17.660074,oscillation,robust_fallback,119,1.1900,100,111,1.1100,100,1,median_filtered,5,4000
2026-05-11T02:22:46.117552,22169.019988,17.680083,oscillation,robust_fallback,123,1.2300,100,114,1.1400,100,1,median_filtered,5,4000
2026-05-11T02:22:46.137539,22169.039985,17.700080,oscillation,robust_fallback,129,1.2900,100,119,1.1900,100,1,median_filtered,5,4000
2026-05-11T02:22:46.157573,22169.059988,17.720083,oscillation,robust_fallback,134,1.3400,100,123,1.2300,100,1,median_filtered,5,4000
2026-05-11T02:22:46.177543,22169.079990,17.740085,oscillation,robust_fallback,141,1.4100,100,129,1.2900,100,1,median_filtered,5,4000
2026-05-11T02:22:46.197519,22169.099983,17.760078,oscillation,robust_fallback,147,1.4700,100,134,1.3400,100,1,median_filtered,5,4000
2026-05-11T02:22:46.217536,22169.119986,17.780081,oscillation,robust_fallback,154,1.5400,100,141,1.4100,100,1,median_filtered,5,4000
2026-05-11T02:22:46.237605,22169.140034,17.800129,oscillation,robust_fallback,162,1.6200,100,147,1.4700,100,1,median_filtered,5,4000
2026-05-11T02:22:46.257507,22169.159978,17.820073,oscillation,robust_fallback,170,1.7000,100,154,1.5400,100,1,median_filtered,5,4000
2026-05-11T02:22:46.277560,22169.179993,17.840088,oscillation,robust_fallback,178,1.7800,100,162,1.6200,100,1,median_filtered,5,4000
2026-05-11T02:22:46.297562,22169.199986,17.860081,oscillation,robust_fallback,186,1.8600,100,170,1.7000,100,1,median_filtered,5,4000
2026-05-11T02:22:46.317541,22169.219988,17.880083,oscillation,robust_fallback,195,1.9500,100,178,1.7800,100,1,median_filtered,5,4000
2026-05-11T02:22:46.337532,22169.239988,17.900083,oscillation,robust_fallback,204,2.0400,100,186,1.8600,100,1,median_filtered,5,4000
2026-05-11T02:22:46.357582,22169.260021,17.920116,oscillation,robust_fallback,213,2.1300,100,195,1.9500,100,1,median_filtered,5,4000
2026-05-11T02:22:46.377549,22169.279993,17.940088,oscillation,robust_fallback,222,2.2200,100,204,2.0400,100,1,median_filtered,5,4000
2026-05-11T02:22:46.397634,22169.300019,17.960114,oscillation,robust_fallback,231,2.3100,100,213,2.1300,100,1,median_filtered,5,4000
2026-05-11T02:22:46.417510,22169.319984,17.980079,oscillation,robust_fallback,241,2.4100,100,222,2.2200,100,1,median_filtered,5,4000
2026-05-11T02:22:46.437547,22169.339983,18.000078,oscillation,robust_fallback,250,2.5000,100,231,2.3100,100,1,median_filtered,5,4000
2026-05-11T02:22:46.457567,22169.359987,18.020082,oscillation,robust_fallback,259,2.5900,100,241,2.4100,100,1,median_filtered,5,4000
2026-05-11T02:22:46.477602,22169.380012,18.040107,oscillation,robust_fallback,269,2.6900,100,250,2.5000,100,1,median_filtered,5,4000
2026-05-11T02:22:46.497545,22169.399988,18.060083,oscillation,robust_fallback,278,2.7800,100,259,2.5900,100,1,median_filtered,5,4000
2026-05-11T02:22:46.517617,22169.419998,18.080093,oscillation,robust_fallback,287,2.8700,100,269,2.6900,100,1,median_filtered,5,4000
2026-05-11T02:22:46.537571,22169.439991,18.100086,oscillation,robust_fallback,296,2.9600,100,278,2.7800,100,1,median_filtered,5,4000
2026-05-11T02:22:46.557684,22169.459990,18.120085,oscillation,robust_fallback,305,3.0500,100,287,2.8700,100,1,median_filtered,5,4000
2026-05-11T02:22:46.577506,22169.479999,18.140094,oscillation,robust_fallback,314,3.1400,100,296,2.9600,100,1,median_filtered,5,4000
2026-05-11T02:22:46.597549,22169.499986,18.160081,oscillation,robust_fallback,322,3.2200,100,305,3.0500,100,1,median_filtered,5,4000
2026-05-11T02:22:46.617539,22169.519983,18.180078,oscillation,robust_fallback,330,3.3000,100,314,3.1400,100,1,median_filtered,5,4000
2026-05-11T02:22:46.637685,22169.539990,18.200085,oscillation,robust_fallback,338,3.3800,100,322,3.2200,100,1,median_filtered,5,4000
2026-05-11T02:22:46.657517,22169.559985,18.220080,oscillation,robust_fallback,346,3.4600,100,330,3.3000,100,1,median_filtered,5,4000
2026-05-11T02:22:46.677538,22169.579995,18.240090,oscillation,robust_fallback,353,3.5300,100,338,3.3800,100,1,median_filtered,5,4000
2026-05-11T02:22:46.697539,22169.600020,18.260115,oscillation,robust_fallback,359,3.5900,100,346,3.4600,100,1,median_filtered,5,4000
2026-05-11T02:22:46.717566,22169.619989,18.280084,oscillation,robust_fallback,366,3.6600,100,353,3.5300,100,1,median_filtered,5,4000
2026-05-11T02:22:46.737557,22169.639991,18.300086,oscillation,robust_fallback,371,3.7100,100,359,3.5900,100,1,median_filtered,5,4000
2026-05-11T02:22:46.757524,22169.659985,18.320080,oscillation,robust_fallback,377,3.7700,100,366,3.6600,100,1,median_filtered,5,4000
2026-05-11T02:22:46.777525,22169.679995,18.340090,oscillation,robust_fallback,381,3.8100,100,371,3.7100,100,1,median_filtered,5,4000
2026-05-11T02:22:46.797518,22169.699982,18.360077,oscillation,robust_fallback,386,3.8600,100,377,3.7700,100,1,median_filtered,5,4000
2026-05-11T02:22:46.817535,22169.719988,18.380083,oscillation,robust_fallback,389,3.8900,100,381,3.8100,100,1,median_filtered,5,4000
2026-05-11T02:22:46.837506,22169.739981,18.400076,oscillation,robust_fallback,393,3.9300,100,386,3.8600,100,1,median_filtered,5,4000
2026-05-11T02:22:46.857584,22169.760021,18.420116,oscillation,robust_fallback,395,3.9500,100,389,3.8900,100,1,median_filtered,5,4000
2026-05-11T02:22:46.877630,22169.779998,18.440093,oscillation,robust_fallback,397,3.9700,100,393,3.9300,100,1,median_filtered,5,4000
2026-05-11T02:22:46.897489,22169.799982,18.460077,oscillation,robust_fallback,399,3.9900,100,395,3.9500,100,1,median_filtered,5,4000
2026-05-11T02:22:46.917515,22169.819980,18.480075,oscillation,robust_fallback,400,4.0000,100,397,3.9700,100,1,median_filtered,5,4000
2026-05-11T02:22:46.937544,22169.840010,18.500105,oscillation,robust_fallback,400,4.0000,100,399,3.9900,100,1,median_filtered,5,4000
2026-05-11T02:22:46.957581,22169.859987,18.520083,oscillation,robust_fallback,400,4.0000,100,400,4.0000,100,1,median_filtered,5,4000
2026-05-11T02:22:46.977743,22169.879993,18.540088,oscillation,robust_fallback,399,3.9900,100,400,4.0000,100,1,median_filtered,5,4000
2026-05-11T02:22:46.997581,22169.899988,18.560083,oscillation,robust_fallback,397,3.9700,100,400,4.0000,100,1,median_filtered,5,4000
2026-05-11T02:22:47.017531,22169.919985,18.580080,oscillation,robust_fallback,395,3.9500,100,399,3.9900,100,1,median_filtered,5,4000
2026-05-11T02:22:47.037562,22169.939988,18.600083,oscillation,robust_fallback,393,3.9300,100,397,3.9700,100,1,median_filtered,5,4000
2026-05-11T02:22:47.057602,22169.959981,18.620076,oscillation,robust_fallback,389,3.8900,100,395,3.9500,100,1,median_filtered,5,4000
2026-05-11T02:22:47.077527,22169.979983,18.640078,oscillation,robust_fallback,386,3.8600,100,393,3.9300,100,1,median_filtered,5,4000
2026-05-11T02:22:47.097508,22169.999984,18.660079,oscillation,robust_fallback,381,3.8100,100,389,3.8900,100,1,median_filtered,5,4000
2026-05-11T02:22:47.117480,22170.019986,18.680081,oscillation,robust_fallback,377,3.7700,100,386,3.8600,100,1,median_filtered,5,4000
2026-05-11T02:22:47.137507,22170.039982,18.700077,oscillation,robust_fallback,371,3.7100,100,381,3.8100,100,1,median_filtered,5,4000
2026-05-11T02:22:47.157575,22170.060014,18.720109,oscillation,robust_fallback,366,3.6600,100,377,3.7700,100,1,median_filtered,5,4000
2026-05-11T02:22:47.177547,22170.080007,18.740102,oscillation,robust_fallback,359,3.5900,100,371,3.7100,100,1,median_filtered,5,4000
2026-05-11T02:22:47.197531,22170.100018,18.760113,oscillation,robust_fallback,353,3.5300,100,366,3.6600,100,1,median_filtered,5,4000
2026-05-11T02:22:47.217486,22170.119985,18.780080,oscillation,robust_fallback,346,3.4600,100,359,3.5900,100,1,median_filtered,5,4000
2026-05-11T02:22:47.237548,22170.139985,18.800080,oscillation,robust_fallback,338,3.3800,100,353,3.5300,100,1,median_filtered,5,4000
2026-05-11T02:22:47.257572,22170.159991,18.820086,oscillation,robust_fallback,330,3.3000,100,346,3.4600,100,1,median_filtered,5,4000
2026-05-11T02:22:47.277504,22170.179987,18.840082,oscillation,robust_fallback,322,3.2200,100,338,3.3800,100,1,median_filtered,5,4000
2026-05-11T02:22:47.297583,22170.200008,18.860103,oscillation,robust_fallback,314,3.1400,100,330,3.3000,100,1,median_filtered,5,4000
2026-05-11T02:22:47.317488,22170.219976,18.880072,oscillation,robust_fallback,305,3.0500,100,322,3.2200,100,1,median_filtered,5,4000
2026-05-11T02:22:47.337460,22170.239974,18.900069,oscillation,robust_fallback,296,2.9600,100,314,3.1400,100,1,median_filtered,5,4000
2026-05-11T02:22:47.357470,22170.259974,18.920069,oscillation,robust_fallback,287,2.8700,100,305,3.0500,100,1,median_filtered,5,4000
2026-05-11T02:22:47.377583,22170.280019,18.940114,oscillation,robust_fallback,278,2.7800,100,296,2.9600,100,1,median_filtered,5,4000
2026-05-11T02:22:47.397565,22170.299990,18.960085,oscillation,robust_fallback,269,2.6900,100,287,2.8700,100,1,median_filtered,5,4000
2026-05-11T02:22:47.417486,22170.319978,18.980073,oscillation,robust_fallback,259,2.5900,100,278,2.7800,100,1,median_filtered,5,4000
2026-05-11T02:22:47.437507,22170.339983,19.000078,oscillation,robust_fallback,250,2.5000,100,269,2.6900,100,1,median_filtered,5,4000
2026-05-11T02:22:47.457503,22170.359978,19.020073,oscillation,robust_fallback,241,2.4100,100,259,2.5900,100,1,median_filtered,5,4000
2026-05-11T02:22:47.477652,22170.379986,19.040081,oscillation,robust_fallback,231,2.3100,100,250,2.5000,100,1,median_filtered,5,4000
2026-05-11T02:22:47.497507,22170.399986,19.060081,oscillation,robust_fallback,222,2.2200,100,241,2.4100,100,1,median_filtered,5,4000
2026-05-11T02:22:47.517496,22170.419982,19.080077,oscillation,robust_fallback,213,2.1300,100,231,2.3100,100,1,median_filtered,5,4000
2026-05-11T02:22:47.537561,22170.439988,19.100083,oscillation,robust_fallback,204,2.0400,100,222,2.2200,100,1,median_filtered,5,4000
2026-05-11T02:22:47.557559,22170.459986,19.120081,oscillation,robust_fallback,195,1.9500,100,213,2.1300,100,1,median_filtered,5,4000
2026-05-11T02:22:47.577483,22170.479974,19.140069,oscillation,robust_fallback,186,1.8600,100,204,2.0400,100,1,median_filtered,5,4000
2026-05-11T02:22:47.597553,22170.499989,19.160084,oscillation,robust_fallback,178,1.7800,100,195,1.9500,100,1,median_filtered,5,4000
2026-05-11T02:22:47.617528,22170.519986,19.180081,oscillation,robust_fallback,170,1.7000,100,186,1.8600,100,1,median_filtered,5,4000
2026-05-11T02:22:47.637523,22170.539985,19.200080,oscillation,robust_fallback,162,1.6200,100,178,1.7800,100,1,median_filtered,5,4000
2026-05-11T02:22:47.657610,22170.560022,19.220117,oscillation,robust_fallback,154,1.5400,100,170,1.7000,100,1,median_filtered,5,4000
2026-05-11T02:22:47.677530,22170.579981,19.240076,oscillation,robust_fallback,147,1.4700,100,162,1.6200,100,1,median_filtered,5,4000
2026-05-11T02:22:47.697505,22170.599980,19.260075,oscillation,robust_fallback,141,1.4100,100,154,1.5400,100,1,median_filtered,5,4000
2026-05-11T02:22:47.717532,22170.619985,19.280080,oscillation,robust_fallback,134,1.3400,100,147,1.4700,100,1,median_filtered,5,4000
2026-05-11T02:22:47.737567,22170.639992,19.300087,oscillation,robust_fallback,129,1.2900,100,141,1.4100,100,1,median_filtered,5,4000
2026-05-11T02:22:47.757519,22170.660000,19.320095,oscillation,robust_fallback,123,1.2300,100,134,1.3400,100,1,median_filtered,5,4000
2026-05-11T02:22:47.777520,22170.679987,19.340082,oscillation,robust_fallback,119,1.1900,100,129,1.2900,100,1,median_filtered,5,4000
2026-05-11T02:22:47.797497,22170.699982,19.360077,oscillation,robust_fallback,114,1.1400,100,123,1.2300,100,1,median_filtered,5,4000
2026-05-11T02:22:47.817606,22170.719991,19.380086,oscillation,robust_fallback,111,1.1100,100,119,1.1900,100,1,median_filtered,5,4000
2026-05-11T02:22:47.837495,22170.739981,19.400076,oscillation,robust_fallback,107,1.0700,100,114,1.1400,100,1,median_filtered,5,4000
2026-05-11T02:22:47.857543,22170.759983,19.420078,oscillation,robust_fallback,105,1.0500,100,111,1.1100,100,1,median_filtered,5,4000
2026-05-11T02:22:47.877540,22170.779987,19.440082,oscillation,robust_fallback,103,1.0300,100,107,1.0700,100,1,median_filtered,5,4000
2026-05-11T02:22:47.897497,22170.799942,19.460037,oscillation,robust_fallback,101,1.0100,100,105,1.0500,100,1,median_filtered,5,4000
2026-05-11T02:22:47.917504,22170.819981,19.480076,oscillation,robust_fallback,100,1.0000,100,103,1.0300,100,1,median_filtered,5,4000
2026-05-11T02:22:47.937431,22170.839972,19.500067,oscillation,robust_fallback,100,1.0000,100,101,1.0100,100,1,median_filtered,5,4000
2026-05-11T02:22:47.957538,22170.860011,19.520106,oscillation,robust_fallback,100,1.0000,100,100,1.0000,100,1,median_filtered,5,4000
2026-05-11T02:22:47.977551,22170.879989,19.540084,oscillation,robust_fallback,101,1.0100,100,100,1.0000,100,1,median_filtered,5,4000
2026-05-11T02:22:47.997524,22170.899984,19.560079,oscillation,robust_fallback,103,1.0300,100,100,1.0000,100,1,median_filtered,5,4000
2026-05-11T02:22:48.017471,22170.919978,19.580073,oscillation,robust_fallback,105,1.0500,100,101,1.0100,100,1,median_filtered,5,4000
2026-05-11T02:22:48.037512,22170.939958,19.600053,oscillation,robust_fallback,107,1.0700,100,103,1.0300,100,1,median_filtered,5,4000
2026-05-11T02:22:48.057562,22170.960017,19.620112,oscillation,robust_fallback,111,1.1100,100,105,1.0500,100,1,median_filtered,5,4000
2026-05-11T02:22:48.077518,22170.979981,19.640076,oscillation,robust_fallback,114,1.1400,100,107,1.0700,100,1,median_filtered,5,4000
2026-05-11T02:22:48.097525,22170.999992,19.660087,oscillation,robust_fallback,119,1.1900,100,111,1.1100,100,1,median_filtered,5,4000
2026-05-11T02:22:48.117527,22171.019987,19.680082,oscillation,robust_fallback,123,1.2300,100,114,1.1400,100,1,median_filtered,5,4000
2026-05-11T02:22:48.137518,22171.039983,19.700078,oscillation,robust_fallback,129,1.2900,100,119,1.1900,100,1,median_filtered,5,4000
2026-05-11T02:22:48.157537,22171.059984,19.720079,oscillation,robust_fallback,134,1.3400,100,123,1.2300,100,1,median_filtered,5,4000
2026-05-11T02:22:48.177554,22171.080016,19.740111,oscillation,robust_fallback,141,1.4100,100,129,1.2900,100,1,median_filtered,5,4000
2026-05-11T02:22:48.197512,22171.099982,19.760077,oscillation,robust_fallback,147,1.4700,100,134,1.3400,100,1,median_filtered,5,4000
2026-05-11T02:22:48.217539,22171.119985,19.780080,oscillation,robust_fallback,154,1.5400,100,141,1.4100,100,1,median_filtered,5,4000
2026-05-11T02:22:48.237541,22171.139984,19.800079,oscillation,robust_fallback,162,1.6200,100,147,1.4700,100,1,median_filtered,5,4000
2026-05-11T02:22:48.257508,22171.159984,19.820079,oscillation,robust_fallback,170,1.7000,100,154,1.5400,100,1,median_filtered,5,4000
2026-05-11T02:22:48.277525,22171.180011,19.840106,oscillation,robust_fallback,178,1.7800,100,162,1.6200,100,1,median_filtered,5,4000
2026-05-11T02:22:48.297464,22171.199978,19.860073,oscillation,robust_fallback,186,1.8600,100,170,1.7000,100,1,median_filtered,5,4000
2026-05-11T02:22:48.317562,22171.219985,19.880080,oscillation,robust_fallback,195,1.9500,100,178,1.7800,100,1,median_filtered,5,4000
2026-05-11T02:22:48.337609,22171.239994,19.900089,oscillation,robust_fallback,204,2.0400,100,186,1.8600,100,1,median_filtered,5,4000
2026-05-11T02:22:48.357624,22171.259995,19.920090,oscillation,robust_fallback,213,2.1300,100,195,1.9500,100,1,median_filtered,5,4000
2026-05-11T02:22:48.377569,22171.279996,19.940091,oscillation,robust_fallback,222,2.2200,100,204,2.0400,100,1,median_filtered,5,4000
2026-05-11T02:22:48.397687,22171.299990,19.960085,oscillation,robust_fallback,231,2.3100,100,213,2.1300,100,1,median_filtered,5,4000
2026-05-11T02:22:48.417522,22171.320015,19.980110,oscillation,robust_fallback,241,2.4100,100,222,2.2200,100,1,median_filtered,5,4000
2026-05-11T02:22:48.437523,22171.339983,20.000078,oscillation,robust_fallback,250,2.5000,100,231,2.3100,100,1,median_filtered,5,4000
2026-05-11T02:22:48.457560,22171.359987,20.020082,oscillation,robust_fallback,259,2.5900,100,241,2.4100,100,1,median_filtered,5,4000
2026-05-11T02:22:48.477644,22171.379998,20.040093,oscillation,robust_fallback,269,2.6900,100,250,2.5000,100,1,median_filtered,5,4000
2026-05-11T02:22:48.497496,22171.399981,20.060076,oscillation,robust_fallback,278,2.7800,100,259,2.5900,100,1,median_filtered,5,4000
2026-05-11T02:22:48.517509,22171.419983,20.080078,oscillation,robust_fallback,287,2.8700,100,269,2.6900,100,1,median_filtered,5,4000
2026-05-11T02:22:48.537513,22171.439984,20.100079,oscillation,robust_fallback,296,2.9600,100,278,2.7800,100,1,median_filtered,5,4000
2026-05-11T02:22:48.557683,22171.460029,20.120124,oscillation,robust_fallback,305,3.0500,100,287,2.8700,100,1,median_filtered,5,4000
2026-05-11T02:22:48.577591,22171.480014,20.140109,oscillation,robust_fallback,314,3.1400,100,296,2.9600,100,1,median_filtered,5,4000
2026-05-11T02:22:48.597513,22171.499986,20.160081,oscillation,robust_fallback,322,3.2200,100,305,3.0500,100,1,median_filtered,5,4000
2026-05-11T02:22:48.617502,22171.519979,20.180074,oscillation,robust_fallback,330,3.3000,100,314,3.1400,100,1,median_filtered,5,4000
2026-05-11T02:22:48.637489,22171.539979,20.200074,oscillation,robust_fallback,338,3.3800,100,322,3.2200,100,1,median_filtered,5,4000
2026-05-11T02:22:48.657459,22171.559976,20.220071,oscillation,robust_fallback,346,3.4600,100,330,3.3000,100,1,median_filtered,5,4000
2026-05-11T02:22:48.677515,22171.579984,20.240079,oscillation,robust_fallback,353,3.5300,100,338,3.3800,100,1,median_filtered,5,4000
2026-05-11T02:22:48.697553,22171.599988,20.260083,oscillation,robust_fallback,359,3.5900,100,346,3.4600,100,1,median_filtered,5,4000
2026-05-11T02:22:48.717564,22171.619990,20.280085,oscillation,robust_fallback,366,3.6600,100,353,3.5300,100,1,median_filtered,5,4000
2026-05-11T02:22:48.737515,22171.639985,20.300080,oscillation,robust_fallback,371,3.7100,100,359,3.5900,100,1,median_filtered,5,4000
2026-05-11T02:22:48.757474,22171.659977,20.320072,oscillation,robust_fallback,377,3.7700,100,366,3.6600,100,1,median_filtered,5,4000
2026-05-11T02:22:48.777511,22171.679983,20.340078,oscillation,robust_fallback,381,3.8100,100,371,3.7100,100,1,median_filtered,5,4000
2026-05-11T02:22:48.797514,22171.699983,20.360078,oscillation,robust_fallback,386,3.8600,100,377,3.7700,100,1,median_filtered,5,4000
2026-05-11T02:22:48.817505,22171.719984,20.380079,oscillation,robust_fallback,389,3.8900,100,381,3.8100,100,1,median_filtered,5,4000
2026-05-11T02:22:48.837470,22171.739977,20.400072,oscillation,robust_fallback,393,3.9300,100,386,3.8600,100,1,median_filtered,5,4000
2026-05-11T02:22:48.857529,22171.759974,20.420069,oscillation,robust_fallback,395,3.9500,100,389,3.8900,100,1,median_filtered,5,4000
2026-05-11T02:22:48.877520,22171.779986,20.440081,oscillation,robust_fallback,397,3.9700,100,393,3.9300,100,1,median_filtered,5,4000
2026-05-11T02:22:48.897569,22171.799990,20.460085,oscillation,robust_fallback,399,3.9900,100,395,3.9500,100,1,median_filtered,5,4000
2026-05-11T02:22:48.917553,22171.819989,20.480084,oscillation,robust_fallback,400,4.0000,100,397,3.9700,100,1,median_filtered,5,4000
2026-05-11T02:22:48.937550,22171.839988,20.500083,oscillation,robust_fallback,400,4.0000,100,399,3.9900,100,1,median_filtered,5,4000
2026-05-11T02:22:48.957556,22171.860014,20.520109,oscillation,robust_fallback,400,4.0000,100,400,4.0000,100,1,median_filtered,5,4000
2026-05-11T02:22:48.977569,22171.880020,20.540115,oscillation,robust_fallback,399,3.9900,100,400,4.0000,100,1,median_filtered,5,4000
2026-05-11T02:22:48.997495,22171.899984,20.560079,oscillation,robust_fallback,397,3.9700,100,400,4.0000,100,1,median_filtered,5,4000
2026-05-11T02:22:49.017491,22171.919981,20.580076,oscillation,robust_fallback,395,3.9500,100,399,3.9900,100,1,median_filtered,5,4000
2026-05-11T02:22:49.037482,22171.939978,20.600073,oscillation,robust_fallback,393,3.9300,100,397,3.9700,100,1,median_filtered,5,4000
2026-05-11T02:22:49.057572,22171.959990,20.620085,oscillation,robust_fallback,389,3.8900,100,395,3.9500,100,1,median_filtered,5,4000
2026-05-11T02:22:49.077605,22171.979994,20.640089,oscillation,robust_fallback,386,3.8600,100,393,3.9300,100,1,median_filtered,5,4000
2026-05-11T02:22:49.097551,22171.999990,20.660085,oscillation,robust_fallback,381,3.8100,100,389,3.8900,100,1,median_filtered,5,4000
2026-05-11T02:22:49.117544,22172.019986,20.680081,oscillation,robust_fallback,377,3.7700,100,386,3.8600,100,1,median_filtered,5,4000
2026-05-11T02:22:49.137488,22172.040008,20.700103,oscillation,robust_fallback,371,3.7100,100,381,3.8100,100,1,median_filtered,5,4000
2026-05-11T02:22:49.157500,22172.059990,20.720085,oscillation,robust_fallback,366,3.6600,100,377,3.7700,100,1,median_filtered,5,4000
2026-05-11T02:22:49.177474,22172.079975,20.740070,oscillation,robust_fallback,359,3.5900,100,371,3.7100,100,1,median_filtered,5,4000
2026-05-11T02:22:49.197531,22172.099984,20.760079,oscillation,robust_fallback,353,3.5300,100,366,3.6600,100,1,median_filtered,5,4000
2026-05-11T02:22:49.217508,22172.119982,20.780077,oscillation,robust_fallback,346,3.4600,100,359,3.5900,100,1,median_filtered,5,4000
2026-05-11T02:22:49.237531,22172.139986,20.800081,oscillation,robust_fallback,338,3.3800,100,353,3.5300,100,1,median_filtered,5,4000
2026-05-11T02:22:49.257498,22172.159988,20.820083,oscillation,robust_fallback,330,3.3000,100,346,3.4600,100,1,median_filtered,5,4000
2026-05-11T02:22:49.277501,22172.179985,20.840080,oscillation,robust_fallback,322,3.2200,100,338,3.3800,100,1,median_filtered,5,4000
2026-05-11T02:22:49.297500,22172.200011,20.860106,oscillation,robust_fallback,314,3.1400,100,330,3.3000,100,1,median_filtered,5,4000
2026-05-11T02:22:49.317518,22172.219989,20.880084,oscillation,robust_fallback,305,3.0500,100,322,3.2200,100,1,median_filtered,5,4000
2026-05-11T02:22:49.337557,22172.239989,20.900084,oscillation,robust_fallback,296,2.9600,100,314,3.1400,100,1,median_filtered,5,4000
2026-05-11T02:22:49.357615,22172.260033,20.920128,oscillation,robust_fallback,287,2.8700,100,305,3.0500,100,1,median_filtered,5,4000
2026-05-11T02:22:49.377578,22172.279996,20.940091,oscillation,robust_fallback,278,2.7800,100,296,2.9600,100,1,median_filtered,5,4000
2026-05-11T02:22:49.397586,22172.300008,20.960103,oscillation,robust_fallback,269,2.6900,100,287,2.8700,100,1,median_filtered,5,4000
2026-05-11T02:22:49.417557,22172.319988,20.980083,oscillation,robust_fallback,259,2.5900,100,278,2.7800,100,1,median_filtered,5,4000
2026-05-11T02:22:49.437497,22172.339986,21.000081,oscillation,robust_fallback,250,2.5000,100,269,2.6900,100,1,median_filtered,5,4000
2026-05-11T02:22:49.457520,22172.359950,21.020045,oscillation,robust_fallback,241,2.4100,100,259,2.5900,100,1,median_filtered,5,4000
2026-05-11T02:22:49.477713,22172.380014,21.040109,oscillation,robust_fallback,231,2.3100,100,250,2.5000,100,1,median_filtered,5,4000
2026-05-11T02:22:49.497529,22172.399985,21.060080,oscillation,robust_fallback,222,2.2200,100,241,2.4100,100,1,median_filtered,5,4000
2026-05-11T02:22:49.517521,22172.419988,21.080083,oscillation,robust_fallback,213,2.1300,100,231,2.3100,100,1,median_filtered,5,4000
2026-05-11T02:22:49.537556,22172.439992,21.100088,oscillation,robust_fallback,204,2.0400,100,222,2.2200,100,1,median_filtered,5,4000
2026-05-11T02:22:49.557623,22172.459982,21.120077,oscillation,robust_fallback,195,1.9500,100,213,2.1300,100,1,median_filtered,5,4000
2026-05-11T02:22:49.577542,22172.480015,21.140110,oscillation,robust_fallback,186,1.8600,100,204,2.0400,100,1,median_filtered,5,4000
2026-05-11T02:22:49.597545,22172.499998,21.160093,oscillation,robust_fallback,178,1.7800,100,195,1.9500,100,1,median_filtered,5,4000
2026-05-11T02:22:49.617525,22172.520016,21.180111,oscillation,robust_fallback,170,1.7000,100,186,1.8600,100,1,median_filtered,5,4000
2026-05-11T02:22:49.637499,22172.539978,21.200073,oscillation,robust_fallback,162,1.6200,100,178,1.7800,100,1,median_filtered,5,4000
2026-05-11T02:22:49.657545,22172.560016,21.220111,oscillation,robust_fallback,154,1.5400,100,170,1.7000,100,1,median_filtered,5,4000
2026-05-11T02:22:49.677552,22172.579987,21.240082,oscillation,robust_fallback,147,1.4700,100,162,1.6200,100,1,median_filtered,5,4000
2026-05-11T02:22:49.697475,22172.599979,21.260074,oscillation,robust_fallback,141,1.4100,100,154,1.5400,100,1,median_filtered,5,4000
2026-05-11T02:22:49.717528,22172.619984,21.280079,oscillation,robust_fallback,134,1.3400,100,147,1.4700,100,1,median_filtered,5,4000
2026-05-11T02:22:49.737522,22172.639981,21.300076,oscillation,robust_fallback,129,1.2900,100,141,1.4100,100,1,median_filtered,5,4000
2026-05-11T02:22:49.757530,22172.659987,21.320082,oscillation,robust_fallback,123,1.2300,100,134,1.3400,100,1,median_filtered,5,4000
2026-05-11T02:22:49.777559,22172.679991,21.340086,oscillation,robust_fallback,119,1.1900,100,129,1.2900,100,1,median_filtered,5,4000
2026-05-11T02:22:49.797535,22172.699988,21.360083,oscillation,robust_fallback,114,1.1400,100,123,1.2300,100,1,median_filtered,5,4000
2026-05-11T02:22:49.817484,22172.719976,21.380071,oscillation,robust_fallback,111,1.1100,100,119,1.1900,100,1,median_filtered,5,4000
2026-05-11T02:22:49.837476,22172.740005,21.400100,oscillation,robust_fallback,107,1.0700,100,114,1.1400,100,1,median_filtered,5,4000
2026-05-11T02:22:49.857519,22172.759983,21.420078,oscillation,robust_fallback,105,1.0500,100,111,1.1100,100,1,median_filtered,5,4000
2026-05-11T02:22:49.877476,22172.779978,21.440073,oscillation,robust_fallback,103,1.0300,100,107,1.0700,100,1,median_filtered,5,4000
2026-05-11T02:22:49.897456,22172.799972,21.460067,oscillation,robust_fallback,101,1.0100,100,105,1.0500,100,1,median_filtered,5,4000
2026-05-11T02:22:49.917514,22172.819981,21.480076,oscillation,robust_fallback,100,1.0000,100,103,1.0300,100,1,median_filtered,5,4000
2026-05-11T02:22:49.937554,22172.839987,21.500082,oscillation,robust_fallback,100,1.0000,100,101,1.0100,100,1,median_filtered,5,4000
2026-05-11T02:22:49.957499,22172.859982,21.520077,oscillation,robust_fallback,100,1.0000,100,100,1.0000,100,1,median_filtered,5,4000
2026-05-11T02:22:49.977509,22172.880009,21.540104,oscillation,robust_fallback,101,1.0100,100,100,1.0000,100,1,median_filtered,5,4000
2026-05-11T02:22:49.997537,22172.899987,21.560082,oscillation,robust_fallback,103,1.0300,100,100,1.0000,100,1,median_filtered,5,4000
2026-05-11T02:22:50.017474,22172.919979,21.580074,oscillation,robust_fallback,105,1.0500,100,101,1.0100,100,1,median_filtered,5,4000
2026-05-11T02:22:50.037547,22172.940012,21.600107,oscillation,robust_fallback,107,1.0700,100,103,1.0300,100,1,median_filtered,5,4000
2026-05-11T02:22:50.057524,22172.960008,21.620103,oscillation,robust_fallback,111,1.1100,100,105,1.0500,100,1,median_filtered,5,4000
2026-05-11T02:22:50.077535,22172.979984,21.640079,oscillation,robust_fallback,114,1.1400,100,107,1.0700,100,1,median_filtered,5,4000
2026-05-11T02:22:50.097534,22172.999984,21.660079,oscillation,robust_fallback,119,1.1900,100,111,1.1100,100,1,median_filtered,5,4000
2026-05-11T02:22:50.117542,22173.019986,21.680081,oscillation,robust_fallback,123,1.2300,100,114,1.1400,100,1,median_filtered,5,4000
2026-05-11T02:22:50.137732,22173.039993,21.700088,oscillation,robust_fallback,129,1.2900,100,119,1.1900,100,1,median_filtered,5,4000
2026-05-11T02:22:50.157647,22173.060012,21.720107,oscillation,robust_fallback,134,1.3400,100,123,1.2300,100,1,median_filtered,5,4000
2026-05-11T02:22:50.177520,22173.079985,21.740080,oscillation,robust_fallback,141,1.4100,100,129,1.2900,100,1,median_filtered,5,4000
2026-05-11T02:22:50.197473,22173.099976,21.760071,oscillation,robust_fallback,147,1.4700,100,134,1.3400,100,1,median_filtered,5,4000
2026-05-11T02:22:50.217558,22173.119999,21.780094,oscillation,robust_fallback,154,1.5400,100,141,1.4100,100,1,median_filtered,5,4000
2026-05-11T02:22:50.237551,22173.140010,21.800105,oscillation,robust_fallback,162,1.6200,100,147,1.4700,100,1,median_filtered,5,4000
2026-05-11T02:22:50.257570,22173.160018,21.820113,oscillation,robust_fallback,170,1.7000,100,154,1.5400,100,1,median_filtered,5,4000
2026-05-11T02:22:50.277508,22173.179982,21.840077,oscillation,robust_fallback,178,1.7800,100,162,1.6200,100,1,median_filtered,5,4000
2026-05-11T02:22:50.297701,22173.200022,21.860117,oscillation,robust_fallback,186,1.8600,100,170,1.7000,100,1,median_filtered,5,4000
2026-05-11T02:22:50.317520,22173.219990,21.880085,oscillation,robust_fallback,195,1.9500,100,178,1.7800,100,1,median_filtered,5,4000
2026-05-11T02:22:50.337549,22173.239989,21.900084,oscillation,robust_fallback,204,2.0400,100,186,1.8600,100,1,median_filtered,5,4000
2026-05-11T02:22:50.357558,22173.259987,21.920082,oscillation,robust_fallback,213,2.1300,100,195,1.9500,100,1,median_filtered,5,4000
2026-05-11T02:22:50.377615,22173.280024,21.940119,oscillation,robust_fallback,222,2.2200,100,204,2.0400,100,1,median_filtered,5,4000
2026-05-11T02:22:50.397526,22173.299984,21.960080,oscillation,robust_fallback,231,2.3100,100,213,2.1300,100,1,median_filtered,5,4000
2026-05-11T02:22:50.417523,22173.319984,21.980079,oscillation,robust_fallback,241,2.4100,100,222,2.2200,100,1,median_filtered,5,4000
2026-05-11T02:22:50.437552,22173.339993,22.000088,oscillation,robust_fallback,250,2.5000,100,231,2.3100,100,1,median_filtered,5,4000
2026-05-11T02:22:50.457629,22173.359985,22.020080,oscillation,robust_fallback,259,2.5900,100,241,2.4100,100,1,median_filtered,5,4000
2026-05-11T02:22:50.477576,22173.379989,22.040084,oscillation,robust_fallback,269,2.6900,100,250,2.5000,100,1,median_filtered,5,4000
2026-05-11T02:22:50.497562,22173.399987,22.060082,oscillation,robust_fallback,278,2.7800,100,259,2.5900,100,1,median_filtered,5,4000
2026-05-11T02:22:50.517564,22173.419989,22.080084,oscillation,robust_fallback,287,2.8700,100,269,2.6900,100,1,median_filtered,5,4000
2026-05-11T02:22:50.537618,22173.439992,22.100087,oscillation,robust_fallback,296,2.9600,100,278,2.7800,100,1,median_filtered,5,4000
2026-05-11T02:22:50.557530,22173.459988,22.120083,oscillation,robust_fallback,305,3.0500,100,287,2.8700,100,1,median_filtered,5,4000
2026-05-11T02:22:50.577573,22173.480015,22.140110,oscillation,robust_fallback,314,3.1400,100,296,2.9600,100,1,median_filtered,5,4000
2026-05-11T02:22:50.597560,22173.499993,22.160088,oscillation,robust_fallback,322,3.2200,100,305,3.0500,100,1,median_filtered,5,4000
2026-05-11T02:22:50.617602,22173.519985,22.180080,oscillation,robust_fallback,330,3.3000,100,314,3.1400,100,1,median_filtered,5,4000
2026-05-11T02:22:50.637519,22173.539987,22.200082,oscillation,robust_fallback,338,3.3800,100,322,3.2200,100,1,median_filtered,5,4000
2026-05-11T02:22:50.657518,22173.559985,22.220080,oscillation,robust_fallback,346,3.4600,100,330,3.3000,100,1,median_filtered,5,4000
2026-05-11T02:22:50.677530,22173.579983,22.240078,oscillation,robust_fallback,353,3.5300,100,338,3.3800,100,1,median_filtered,5,4000
2026-05-11T02:22:50.697525,22173.599982,22.260077,oscillation,robust_fallback,359,3.5900,100,346,3.4600,100,1,median_filtered,5,4000
2026-05-11T02:22:50.717543,22173.619989,22.280084,oscillation,robust_fallback,366,3.6600,100,353,3.5300,100,1,median_filtered,5,4000
2026-05-11T02:22:50.737569,22173.640014,22.300109,oscillation,robust_fallback,371,3.7100,100,359,3.5900,100,1,median_filtered,5,4000
2026-05-11T02:22:50.757538,22173.659985,22.320080,oscillation,robust_fallback,377,3.7700,100,366,3.6600,100,1,median_filtered,5,4000
2026-05-11T02:22:50.777527,22173.679986,22.340081,oscillation,robust_fallback,381,3.8100,100,371,3.7100,100,1,median_filtered,5,4000
2026-05-11T02:22:50.797721,22173.700007,22.360102,oscillation,robust_fallback,386,3.8600,100,377,3.7700,100,1,median_filtered,5,4000
2026-05-11T02:22:50.817524,22173.719986,22.380081,oscillation,robust_fallback,389,3.8900,100,381,3.8100,100,1,median_filtered,5,4000
2026-05-11T02:22:50.837526,22173.739983,22.400078,oscillation,robust_fallback,393,3.9300,100,386,3.8600,100,1,median_filtered,5,4000
2026-05-11T02:22:50.857556,22173.759988,22.420083,oscillation,robust_fallback,395,3.9500,100,389,3.8900,100,1,median_filtered,5,4000
2026-05-11T02:22:50.877754,22173.780044,22.440139,oscillation,robust_fallback,397,3.9700,100,393,3.9300,100,1,median_filtered,5,4000
2026-05-11T02:22:50.897567,22173.799998,22.460093,oscillation,robust_fallback,399,3.9900,100,395,3.9500,100,1,median_filtered,5,4000
2026-05-11T02:22:50.917538,22173.819986,22.480081,oscillation,robust_fallback,400,4.0000,100,397,3.9700,100,1,median_filtered,5,4000
2026-05-11T02:22:50.937591,22173.839993,22.500088,oscillation,robust_fallback,400,4.0000,100,399,3.9900,100,1,median_filtered,5,4000
2026-05-11T02:22:50.957765,22173.860017,22.520112,oscillation,robust_fallback,400,4.0000,100,400,4.0000,100,1,median_filtered,5,4000
2026-05-11T02:22:50.977559,22173.879992,22.540087,oscillation,robust_fallback,399,3.9900,100,400,4.0000,100,1,median_filtered,5,4000
2026-05-11T02:22:50.997558,22173.899990,22.560085,oscillation,robust_fallback,397,3.9700,100,400,4.0000,100,1,median_filtered,5,4000
2026-05-11T02:22:51.017537,22173.919990,22.580085,oscillation,robust_fallback,395,3.9500,100,399,3.9900,100,1,median_filtered,5,4000
2026-05-11T02:22:51.037544,22173.939987,22.600082,oscillation,robust_fallback,393,3.9300,100,397,3.9700,100,1,median_filtered,5,4000
2026-05-11T02:22:51.057550,22173.959987,22.620082,oscillation,robust_fallback,389,3.8900,100,395,3.9500,100,1,median_filtered,5,4000
2026-05-11T02:22:51.077531,22173.979988,22.640083,oscillation,robust_fallback,386,3.8600,100,393,3.9300,100,1,median_filtered,5,4000
2026-05-11T02:22:51.097514,22173.999982,22.660077,oscillation,robust_fallback,381,3.8100,100,389,3.8900,100,1,median_filtered,5,4000
2026-05-11T02:22:51.117530,22174.019982,22.680077,oscillation,robust_fallback,377,3.7700,100,386,3.8600,100,1,median_filtered,5,4000
2026-05-11T02:22:51.137519,22174.039984,22.700079,oscillation,robust_fallback,371,3.7100,100,381,3.8100,100,1,median_filtered,5,4000
2026-05-11T02:22:51.157542,22174.059984,22.720079,oscillation,robust_fallback,366,3.6600,100,377,3.7700,100,1,median_filtered,5,4000
2026-05-11T02:22:51.177583,22174.080017,22.740112,oscillation,robust_fallback,359,3.5900,100,371,3.7100,100,1,median_filtered,5,4000
2026-05-11T02:22:51.197578,22174.099995,22.760090,oscillation,robust_fallback,353,3.5300,100,366,3.6600,100,1,median_filtered,5,4000
2026-05-11T02:22:51.217569,22174.119990,22.780085,oscillation,robust_fallback,346,3.4600,100,359,3.5900,100,1,median_filtered,5,4000
2026-05-11T02:22:51.237584,22174.139994,22.800089,oscillation,robust_fallback,338,3.3800,100,353,3.5300,100,1,median_filtered,5,4000
2026-05-11T02:22:51.257580,22174.159997,22.820092,oscillation,robust_fallback,330,3.3000,100,346,3.4600,100,1,median_filtered,5,4000
2026-05-11T02:22:51.277560,22174.179995,22.840090,oscillation,robust_fallback,322,3.2200,100,338,3.3800,100,1,median_filtered,5,4000
2026-05-11T02:22:51.297603,22174.200018,22.860113,oscillation,robust_fallback,314,3.1400,100,330,3.3000,100,1,median_filtered,5,4000
2026-05-11T02:22:51.317548,22174.220017,22.880112,oscillation,robust_fallback,305,3.0500,100,322,3.2200,100,1,median_filtered,5,4000
2026-05-11T02:22:51.337543,22174.240019,22.900114,oscillation,robust_fallback,296,2.9600,100,314,3.1400,100,1,median_filtered,5,4000
2026-05-11T02:22:51.357534,22174.259989,22.920084,oscillation,robust_fallback,287,2.8700,100,305,3.0500,100,1,median_filtered,5,4000
2026-05-11T02:22:51.377574,22174.279985,22.940080,oscillation,robust_fallback,278,2.7800,100,296,2.9600,100,1,median_filtered,5,4000
2026-05-11T02:22:51.397544,22174.299986,22.960081,oscillation,robust_fallback,269,2.6900,100,287,2.8700,100,1,median_filtered,5,4000
2026-05-11T02:22:51.417529,22174.319996,22.980091,oscillation,robust_fallback,259,2.5900,100,278,2.7800,100,1,median_filtered,5,4000
2026-05-11T02:22:51.437519,22174.339984,23.000079,oscillation,robust_fallback,250,2.5000,100,269,2.6900,100,1,median_filtered,5,4000
2026-05-11T02:22:51.457647,22174.359987,23.020082,oscillation,robust_fallback,241,2.4100,100,259,2.5900,100,1,median_filtered,5,4000
2026-05-11T02:22:51.477458,22174.379955,23.040050,oscillation,robust_fallback,231,2.3100,100,250,2.5000,100,1,median_filtered,5,4000
2026-05-11T02:22:51.497530,22174.399984,23.060079,oscillation,robust_fallback,222,2.2200,100,241,2.4100,100,1,median_filtered,5,4000
2026-05-11T02:22:51.517519,22174.419983,23.080078,oscillation,robust_fallback,213,2.1300,100,231,2.3100,100,1,median_filtered,5,4000
2026-05-11T02:22:51.537564,22174.440027,23.100122,oscillation,robust_fallback,204,2.0400,100,222,2.2200,100,1,median_filtered,5,4000
2026-05-11T02:22:51.557481,22174.459978,23.120073,oscillation,robust_fallback,195,1.9500,100,213,2.1300,100,1,median_filtered,5,4000
2026-05-11T02:22:51.577513,22174.480021,23.140116,oscillation,robust_fallback,186,1.8600,100,204,2.0400,100,1,median_filtered,5,4000
2026-05-11T02:22:51.597560,22174.499991,23.160086,oscillation,robust_fallback,178,1.7800,100,195,1.9500,100,1,median_filtered,5,4000
2026-05-11T02:22:51.617544,22174.519987,23.180082,oscillation,robust_fallback,170,1.7000,100,186,1.8600,100,1,median_filtered,5,4000
2026-05-11T02:22:51.637547,22174.539986,23.200081,oscillation,robust_fallback,162,1.6200,100,178,1.7800,100,1,median_filtered,5,4000
2026-05-11T02:22:51.657521,22174.559984,23.220079,oscillation,robust_fallback,154,1.5400,100,170,1.7000,100,1,median_filtered,5,4000
2026-05-11T02:22:51.677498,22174.579981,23.240076,oscillation,robust_fallback,147,1.4700,100,162,1.6200,100,1,median_filtered,5,4000
2026-05-11T02:22:51.697533,22174.599985,23.260080,oscillation,robust_fallback,141,1.4100,100,154,1.5400,100,1,median_filtered,5,4000
2026-05-11T02:22:51.717508,22174.620007,23.280102,oscillation,robust_fallback,134,1.3400,100,147,1.4700,100,1,median_filtered,5,4000
2026-05-11T02:22:51.737523,22174.639985,23.300080,oscillation,robust_fallback,129,1.2900,100,141,1.4100,100,1,median_filtered,5,4000
2026-05-11T02:22:51.757537,22174.659984,23.320079,oscillation,robust_fallback,123,1.2300,100,134,1.3400,100,1,median_filtered,5,4000
2026-05-11T02:22:51.777554,22174.680017,23.340112,oscillation,robust_fallback,119,1.1900,100,129,1.2900,100,1,median_filtered,5,4000
2026-05-11T02:22:51.797496,22174.699982,23.360077,oscillation,robust_fallback,114,1.1400,100,123,1.2300,100,1,median_filtered,5,4000
2026-05-11T02:22:51.817547,22174.719987,23.380082,oscillation,robust_fallback,111,1.1100,100,119,1.1900,100,1,median_filtered,5,4000
2026-05-11T02:22:51.837509,22174.739983,23.400078,oscillation,robust_fallback,107,1.0700,100,114,1.1400,100,1,median_filtered,5,4000
2026-05-11T02:22:51.857505,22174.760011,23.420106,oscillation,robust_fallback,105,1.0500,100,111,1.1100,100,1,median_filtered,5,4000
2026-05-11T02:22:51.877531,22174.780013,23.440108,oscillation,robust_fallback,103,1.0300,100,107,1.0700,100,1,median_filtered,5,4000
2026-05-11T02:22:51.897484,22174.799980,23.460075,oscillation,robust_fallback,101,1.0100,100,105,1.0500,100,1,median_filtered,5,4000
2026-05-11T02:22:51.917548,22174.819985,23.480080,oscillation,robust_fallback,100,1.0000,100,103,1.0300,100,1,median_filtered,5,4000
2026-05-11T02:22:51.937491,22174.839978,23.500073,oscillation,robust_fallback,100,1.0000,100,101,1.0100,100,1,median_filtered,5,4000
2026-05-11T02:22:51.957483,22174.859976,23.520071,oscillation,robust_fallback,100,1.0000,100,100,1.0000,100,1,median_filtered,5,4000
2026-05-11T02:22:51.977557,22174.879990,23.540085,oscillation,robust_fallback,101,1.0100,100,100,1.0000,100,1,median_filtered,5,4000
2026-05-11T02:22:51.997583,22174.899966,23.560061,oscillation,robust_fallback,103,1.0300,100,100,1.0000,100,1,median_filtered,5,4000
2026-05-11T02:22:52.017547,22174.919988,23.580083,oscillation,robust_fallback,105,1.0500,100,101,1.0100,100,1,median_filtered,5,4000
2026-05-11T02:22:52.037775,22174.940020,23.600116,oscillation,robust_fallback,107,1.0700,100,103,1.0300,100,1,median_filtered,5,4000
2026-05-11T02:22:52.057568,22174.959989,23.620084,oscillation,robust_fallback,111,1.1100,100,105,1.0500,100,1,median_filtered,5,4000
2026-05-11T02:22:52.077547,22174.979988,23.640083,oscillation,robust_fallback,114,1.1400,100,107,1.0700,100,1,median_filtered,5,4000
2026-05-11T02:22:52.097558,22174.999984,23.660079,oscillation,robust_fallback,119,1.1900,100,111,1.1100,100,1,median_filtered,5,4000
2026-05-11T02:22:52.117599,22175.020025,23.680120,oscillation,robust_fallback,123,1.2300,100,114,1.1400,100,1,median_filtered,5,4000
2026-05-11T02:22:52.137675,22175.039984,23.700079,oscillation,robust_fallback,129,1.2900,100,119,1.1900,100,1,median_filtered,5,4000
2026-05-11T02:22:52.157475,22175.059987,23.720082,oscillation,robust_fallback,134,1.3400,100,123,1.2300,100,1,median_filtered,5,4000
2026-05-11T02:22:52.177518,22175.079984,23.740079,oscillation,robust_fallback,141,1.4100,100,129,1.2900,100,1,median_filtered,5,4000
2026-05-11T02:22:52.197589,22175.099987,23.760082,oscillation,robust_fallback,147,1.4700,100,134,1.3400,100,1,median_filtered,5,4000
2026-05-11T02:22:52.217519,22175.119983,23.780078,oscillation,robust_fallback,154,1.5400,100,141,1.4100,100,1,median_filtered,5,4000
2026-05-11T02:22:52.237531,22175.139984,23.800079,oscillation,robust_fallback,162,1.6200,100,147,1.4700,100,1,median_filtered,5,4000
2026-05-11T02:22:52.257587,22175.159988,23.820083,oscillation,robust_fallback,170,1.7000,100,154,1.5400,100,1,median_filtered,5,4000
2026-05-11T02:22:52.277634,22175.179992,23.840088,oscillation,robust_fallback,178,1.7800,100,162,1.6200,100,1,median_filtered,5,4000
2026-05-11T02:22:52.297507,22175.199980,23.860075,oscillation,robust_fallback,186,1.8600,100,170,1.7000,100,1,median_filtered,5,4000
2026-05-11T02:22:52.317522,22175.219985,23.880080,oscillation,robust_fallback,195,1.9500,100,178,1.7800,100,1,median_filtered,5,4000
2026-05-11T02:22:52.337591,22175.239989,23.900084,oscillation,robust_fallback,204,2.0400,100,186,1.8600,100,1,median_filtered,5,4000
2026-05-11T02:22:52.357532,22175.259986,23.920081,oscillation,robust_fallback,213,2.1300,100,195,1.9500,100,1,median_filtered,5,4000
2026-05-11T02:22:52.377527,22175.279988,23.940083,oscillation,robust_fallback,222,2.2200,100,204,2.0400,100,1,median_filtered,5,4000
2026-05-11T02:22:52.397542,22175.299981,23.960077,oscillation,robust_fallback,231,2.3100,100,213,2.1300,100,1,median_filtered,5,4000
2026-05-11T02:22:52.417539,22175.319988,23.980083,oscillation,robust_fallback,241,2.4100,100,222,2.2200,100,1,median_filtered,5,4000
2026-05-11T02:22:52.437655,22175.339998,24.000093,oscillation,robust_fallback,250,2.5000,100,231,2.3100,100,1,median_filtered,5,4000
2026-05-11T02:22:52.457529,22175.359987,24.020082,oscillation,robust_fallback,259,2.5900,100,241,2.4100,100,1,median_filtered,5,4000
2026-05-11T02:22:52.477564,22175.380022,24.040117,oscillation,robust_fallback,269,2.6900,100,250,2.5000,100,1,median_filtered,5,4000
2026-05-11T02:22:52.497574,22175.399992,24.060087,oscillation,robust_fallback,278,2.7800,100,259,2.5900,100,1,median_filtered,5,4000
2026-05-11T02:22:52.517654,22175.419999,24.080094,oscillation,robust_fallback,287,2.8700,100,269,2.6900,100,1,median_filtered,5,4000
2026-05-11T02:22:52.537535,22175.439992,24.100087,oscillation,robust_fallback,296,2.9600,100,278,2.7800,100,1,median_filtered,5,4000
2026-05-11T02:22:52.557564,22175.459989,24.120084,oscillation,robust_fallback,305,3.0500,100,287,2.8700,100,1,median_filtered,5,4000
2026-05-11T02:22:52.577543,22175.479983,24.140078,oscillation,robust_fallback,314,3.1400,100,296,2.9600,100,1,median_filtered,5,4000
2026-05-11T02:22:52.597555,22175.499987,24.160082,oscillation,robust_fallback,322,3.2200,100,305,3.0500,100,1,median_filtered,5,4000
2026-05-11T02:22:52.617534,22175.520020,24.180115,oscillation,robust_fallback,330,3.3000,100,314,3.1400,100,1,median_filtered,5,4000
2026-05-11T02:22:52.637483,22175.539978,24.200073,oscillation,robust_fallback,338,3.3800,100,322,3.2200,100,1,median_filtered,5,4000
2026-05-11T02:22:52.657531,22175.560011,24.220106,oscillation,robust_fallback,346,3.4600,100,330,3.3000,100,1,median_filtered,5,4000
2026-05-11T02:22:52.677533,22175.579985,24.240080,oscillation,robust_fallback,353,3.5300,100,338,3.3800,100,1,median_filtered,5,4000
2026-05-11T02:22:52.697494,22175.599975,24.260070,oscillation,robust_fallback,359,3.5900,100,346,3.4600,100,1,median_filtered,5,4000
2026-05-11T02:22:52.717490,22175.619983,24.280078,oscillation,robust_fallback,366,3.6600,100,353,3.5300,100,1,median_filtered,5,4000
2026-05-11T02:22:52.737589,22175.639986,24.300081,oscillation,robust_fallback,371,3.7100,100,359,3.5900,100,1,median_filtered,5,4000
2026-05-11T02:22:52.757552,22175.659991,24.320086,oscillation,robust_fallback,377,3.7700,100,366,3.6600,100,1,median_filtered,5,4000
2026-05-11T02:22:52.777584,22175.679990,24.340085,oscillation,robust_fallback,381,3.8100,100,371,3.7100,100,1,median_filtered,5,4000
2026-05-11T02:22:52.797486,22175.699979,24.360074,oscillation,robust_fallback,386,3.8600,100,377,3.7700,100,1,median_filtered,5,4000
2026-05-11T02:22:52.817532,22175.720010,24.380105,oscillation,robust_fallback,389,3.8900,100,381,3.8100,100,1,median_filtered,5,4000
2026-05-11T02:22:52.837503,22175.739981,24.400076,oscillation,robust_fallback,393,3.9300,100,386,3.8600,100,1,median_filtered,5,4000
2026-05-11T02:22:52.857595,22175.759992,24.420087,oscillation,robust_fallback,395,3.9500,100,389,3.8900,100,1,median_filtered,5,4000
2026-05-11T02:22:52.877522,22175.779985,24.440080,oscillation,robust_fallback,397,3.9700,100,393,3.9300,100,1,median_filtered,5,4000
2026-05-11T02:22:52.897515,22175.799982,24.460077,oscillation,robust_fallback,399,3.9900,100,395,3.9500,100,1,median_filtered,5,4000
2026-05-11T02:22:52.917498,22175.819984,24.480079,oscillation,robust_fallback,400,4.0000,100,397,3.9700,100,1,median_filtered,5,4000
2026-05-11T02:22:52.937573,22175.840019,24.500114,oscillation,robust_fallback,400,4.0000,100,399,3.9900,100,1,median_filtered,5,4000
2026-05-11T02:22:52.957489,22175.859978,24.520073,oscillation,robust_fallback,400,4.0000,100,400,4.0000,100,1,median_filtered,5,4000
2026-05-11T02:22:52.977490,22175.879982,24.540077,oscillation,robust_fallback,399,3.9900,100,400,4.0000,100,1,median_filtered,5,4000
2026-05-11T02:22:52.997556,22175.899990,24.560085,oscillation,robust_fallback,397,3.9700,100,400,4.0000,100,1,median_filtered,5,4000
2026-05-11T02:22:53.017587,22175.919993,24.580088,oscillation,robust_fallback,395,3.9500,100,399,3.9900,100,1,median_filtered,5,4000
2026-05-11T02:22:53.037476,22175.939954,24.600049,oscillation,robust_fallback,393,3.9300,100,397,3.9700,100,1,median_filtered,5,4000
2026-05-11T02:22:53.057547,22175.959986,24.620081,oscillation,robust_fallback,389,3.8900,100,395,3.9500,100,1,median_filtered,5,4000
2026-05-11T02:22:53.077589,22175.979995,24.640091,oscillation,robust_fallback,386,3.8600,100,393,3.9300,100,1,median_filtered,5,4000
2026-05-11T02:22:53.097577,22175.999988,24.660083,oscillation,robust_fallback,381,3.8100,100,389,3.8900,100,1,median_filtered,5,4000
2026-05-11T02:22:53.117558,22176.019988,24.680083,oscillation,robust_fallback,377,3.7700,100,386,3.8600,100,1,median_filtered,5,4000
2026-05-11T02:22:53.137532,22176.039984,24.700079,oscillation,robust_fallback,371,3.7100,100,381,3.8100,100,1,median_filtered,5,4000
2026-05-11T02:22:53.157561,22176.059986,24.720081,oscillation,robust_fallback,366,3.6600,100,377,3.7700,100,1,median_filtered,5,4000
2026-05-11T02:22:53.177566,22176.079990,24.740085,oscillation,robust_fallback,359,3.5900,100,371,3.7100,100,1,median_filtered,5,4000
2026-05-11T02:22:53.197564,22176.099988,24.760083,oscillation,robust_fallback,353,3.5300,100,366,3.6600,100,1,median_filtered,5,4000
2026-05-11T02:22:53.217577,22176.119986,24.780081,oscillation,robust_fallback,346,3.4600,100,359,3.5900,100,1,median_filtered,5,4000
2026-05-11T02:22:53.237569,22176.139992,24.800087,oscillation,robust_fallback,338,3.3800,100,353,3.5300,100,1,median_filtered,5,4000
2026-05-11T02:22:53.257566,22176.159988,24.820083,oscillation,robust_fallback,330,3.3000,100,346,3.4600,100,1,median_filtered,5,4000
2026-05-11T02:22:53.277515,22176.179982,24.840077,oscillation,robust_fallback,322,3.2200,100,338,3.3800,100,1,median_filtered,5,4000
2026-05-11T02:22:53.297515,22176.199980,24.860075,oscillation,robust_fallback,314,3.1400,100,330,3.3000,100,1,median_filtered,5,4000
2026-05-11T02:22:53.317547,22176.219986,24.880081,oscillation,robust_fallback,305,3.0500,100,322,3.2200,100,1,median_filtered,5,4000
2026-05-11T02:22:53.337482,22176.239979,24.900074,oscillation,robust_fallback,296,2.9600,100,314,3.1400,100,1,median_filtered,5,4000
2026-05-11T02:22:53.357536,22176.259985,24.920080,oscillation,robust_fallback,287,2.8700,100,305,3.0500,100,1,median_filtered,5,4000
2026-05-11T02:22:53.377567,22176.280024,24.940119,oscillation,robust_fallback,278,2.7800,100,296,2.9600,100,1,median_filtered,5,4000
2026-05-11T02:22:53.397555,22176.299989,24.960084,oscillation,robust_fallback,269,2.6900,100,287,2.8700,100,1,median_filtered,5,4000
2026-05-11T02:22:53.417546,22176.319988,24.980083,oscillation,robust_fallback,259,2.5900,100,278,2.7800,100,1,median_filtered,5,4000
2026-05-11T02:22:53.437735,22176.340085,25.000180,oscillation,robust_fallback,250,2.5000,100,269,2.6900,100,1,median_filtered,5,4000
2026-05-11T02:22:53.457665,22176.359996,25.020091,oscillation,robust_fallback,241,2.4100,100,259,2.5900,100,1,median_filtered,5,4000
2026-05-11T02:22:53.477575,22176.379991,25.040086,oscillation,robust_fallback,231,2.3100,100,250,2.5000,100,1,median_filtered,5,4000
2026-05-11T02:22:53.497567,22176.400016,25.060111,oscillation,robust_fallback,222,2.2200,100,241,2.4100,100,1,median_filtered,5,4000
2026-05-11T02:22:53.517521,22176.419983,25.080078,oscillation,robust_fallback,213,2.1300,100,231,2.3100,100,1,median_filtered,5,4000
2026-05-11T02:22:53.537573,22176.440014,25.100109,oscillation,robust_fallback,204,2.0400,100,222,2.2200,100,1,median_filtered,5,4000
2026-05-11T02:22:53.557492,22176.459979,25.120074,oscillation,robust_fallback,195,1.9500,100,213,2.1300,100,1,median_filtered,5,4000
2026-05-11T02:22:53.577568,22176.479994,25.140089,oscillation,robust_fallback,186,1.8600,100,204,2.0400,100,1,median_filtered,5,4000
2026-05-11T02:22:53.597689,22176.499995,25.160090,oscillation,robust_fallback,178,1.7800,100,195,1.9500,100,1,median_filtered,5,4000
2026-05-11T02:22:53.617509,22176.519989,25.180084,oscillation,robust_fallback,170,1.7000,100,186,1.8600,100,1,median_filtered,5,4000
2026-05-11T02:22:53.637565,22176.539986,25.200081,oscillation,robust_fallback,162,1.6200,100,178,1.7800,100,1,median_filtered,5,4000
2026-05-11T02:22:53.657601,22176.559994,25.220089,oscillation,robust_fallback,154,1.5400,100,170,1.7000,100,1,median_filtered,5,4000
2026-05-11T02:22:53.677614,22176.579998,25.240093,oscillation,robust_fallback,147,1.4700,100,162,1.6200,100,1,median_filtered,5,4000
2026-05-11T02:22:53.697548,22176.599990,25.260085,oscillation,robust_fallback,141,1.4100,100,154,1.5400,100,1,median_filtered,5,4000
2026-05-11T02:22:53.717559,22176.619988,25.280083,oscillation,robust_fallback,134,1.3400,100,147,1.4700,100,1,median_filtered,5,4000
2026-05-11T02:22:53.737567,22176.639991,25.300086,oscillation,robust_fallback,129,1.2900,100,141,1.4100,100,1,median_filtered,5,4000
2026-05-11T02:22:53.757646,22176.659988,25.320083,oscillation,robust_fallback,123,1.2300,100,134,1.3400,100,1,median_filtered,5,4000
2026-05-11T02:22:53.777543,22176.680015,25.340110,oscillation,robust_fallback,119,1.1900,100,129,1.2900,100,1,median_filtered,5,4000
2026-05-11T02:22:53.797497,22176.699984,25.360079,oscillation,robust_fallback,114,1.1400,100,123,1.2300,100,1,median_filtered,5,4000
2026-05-11T02:22:53.817451,22176.719974,25.380069,oscillation,robust_fallback,111,1.1100,100,119,1.1900,100,1,median_filtered,5,4000
2026-05-11T02:22:53.837592,22176.739993,25.400089,oscillation,robust_fallback,107,1.0700,100,114,1.1400,100,1,median_filtered,5,4000
2026-05-11T02:22:53.857568,22176.759995,25.420090,oscillation,robust_fallback,105,1.0500,100,111,1.1100,100,1,median_filtered,5,4000
2026-05-11T02:22:53.877546,22176.779987,25.440082,oscillation,robust_fallback,103,1.0300,100,107,1.0700,100,1,median_filtered,5,4000
2026-05-11T02:22:53.897503,22176.799990,25.460085,oscillation,robust_fallback,101,1.0100,100,105,1.0500,100,1,median_filtered,5,4000
2026-05-11T02:22:53.917500,22176.819977,25.480072,oscillation,robust_fallback,100,1.0000,100,103,1.0300,100,1,median_filtered,5,4000
2026-05-11T02:22:53.937482,22176.839978,25.500073,oscillation,robust_fallback,100,1.0000,100,101,1.0100,100,1,median_filtered,5,4000
2026-05-11T02:22:53.957473,22176.859976,25.520071,oscillation,robust_fallback,100,1.0000,100,100,1.0000,100,1,median_filtered,5,4000
2026-05-11T02:22:53.977482,22176.879970,25.540065,oscillation,robust_fallback,101,1.0100,100,100,1.0000,100,1,median_filtered,5,4000
2026-05-11T02:22:53.997521,22176.899982,25.560077,oscillation,robust_fallback,103,1.0300,100,100,1.0000,100,1,median_filtered,5,4000
2026-05-11T02:22:54.017609,22176.919991,25.580086,oscillation,robust_fallback,105,1.0500,100,101,1.0100,100,1,median_filtered,5,4000
2026-05-11T02:22:54.037534,22176.940011,25.600106,oscillation,robust_fallback,107,1.0700,100,103,1.0300,100,1,median_filtered,5,4000
2026-05-11T02:22:54.057492,22176.959980,25.620075,oscillation,robust_fallback,111,1.1100,100,105,1.0500,100,1,median_filtered,5,4000
2026-05-11T02:22:54.077499,22176.979978,25.640073,oscillation,robust_fallback,114,1.1400,100,107,1.0700,100,1,median_filtered,5,4000
2026-05-11T02:22:54.097588,22176.999977,25.660072,oscillation,robust_fallback,119,1.1900,100,111,1.1100,100,1,median_filtered,5,4000
2026-05-11T02:22:54.117441,22177.019977,25.680072,oscillation,robust_fallback,123,1.2300,100,114,1.1400,100,1,median_filtered,5,4000
2026-05-11T02:22:54.137509,22177.039981,25.700076,oscillation,robust_fallback,129,1.2900,100,119,1.1900,100,1,median_filtered,5,4000
2026-05-11T02:22:54.157549,22177.060018,25.720114,oscillation,robust_fallback,134,1.3400,100,123,1.2300,100,1,median_filtered,5,4000
2026-05-11T02:22:54.177470,22177.079979,25.740074,oscillation,robust_fallback,141,1.4100,100,129,1.2900,100,1,median_filtered,5,4000
2026-05-11T02:22:54.197579,22177.099993,25.760088,oscillation,robust_fallback,147,1.4700,100,134,1.3400,100,1,median_filtered,5,4000
2026-05-11T02:22:54.217582,22177.119991,25.780086,oscillation,robust_fallback,154,1.5400,100,141,1.4100,100,1,median_filtered,5,4000
2026-05-11T02:22:54.237536,22177.139989,25.800084,oscillation,robust_fallback,162,1.6200,100,147,1.4700,100,1,median_filtered,5,4000
2026-05-11T02:22:54.257538,22177.159985,25.820080,oscillation,robust_fallback,170,1.7000,100,154,1.5400,100,1,median_filtered,5,4000
2026-05-11T02:22:54.277503,22177.179981,25.840076,oscillation,robust_fallback,178,1.7800,100,162,1.6200,100,1,median_filtered,5,4000
2026-05-11T02:22:54.297545,22177.199984,25.860079,oscillation,robust_fallback,186,1.8600,100,170,1.7000,100,1,median_filtered,5,4000
2026-05-11T02:22:54.317535,22177.219987,25.880082,oscillation,robust_fallback,195,1.9500,100,178,1.7800,100,1,median_filtered,5,4000
2026-05-11T02:22:54.337502,22177.239987,25.900082,oscillation,robust_fallback,204,2.0400,100,186,1.8600,100,1,median_filtered,5,4000
2026-05-11T02:22:54.357522,22177.259981,25.920076,oscillation,robust_fallback,213,2.1300,100,195,1.9500,100,1,median_filtered,5,4000
2026-05-11T02:22:54.377528,22177.279987,25.940082,oscillation,robust_fallback,222,2.2200,100,204,2.0400,100,1,median_filtered,5,4000
2026-05-11T02:22:54.397541,22177.300014,25.960109,oscillation,robust_fallback,231,2.3100,100,213,2.1300,100,1,median_filtered,5,4000
2026-05-11T02:22:54.417502,22177.319982,25.980077,oscillation,robust_fallback,241,2.4100,100,222,2.2200,100,1,median_filtered,5,4000
2026-05-11T02:22:54.437500,22177.339988,26.000083,oscillation,robust_fallback,250,2.5000,100,231,2.3100,100,1,median_filtered,5,4000
2026-05-11T02:22:54.457541,22177.360012,26.020107,oscillation,robust_fallback,259,2.5900,100,241,2.4100,100,1,median_filtered,5,4000
2026-05-11T02:22:54.477519,22177.379987,26.040082,oscillation,robust_fallback,269,2.6900,100,250,2.5000,100,1,median_filtered,5,4000
2026-05-11T02:22:54.497547,22177.399985,26.060080,oscillation,robust_fallback,278,2.7800,100,259,2.5900,100,1,median_filtered,5,4000
2026-05-11T02:22:54.517643,22177.419998,26.080093,oscillation,robust_fallback,287,2.8700,100,269,2.6900,100,1,median_filtered,5,4000
2026-05-11T02:22:54.537487,22177.439979,26.100074,oscillation,robust_fallback,296,2.9600,100,278,2.7800,100,1,median_filtered,5,4000
2026-05-11T02:22:54.557554,22177.459987,26.120082,oscillation,robust_fallback,305,3.0500,100,287,2.8700,100,1,median_filtered,5,4000
2026-05-11T02:22:54.577538,22177.479988,26.140083,oscillation,robust_fallback,314,3.1400,100,296,2.9600,100,1,median_filtered,5,4000
2026-05-11T02:22:54.597573,22177.499991,26.160086,oscillation,robust_fallback,322,3.2200,100,305,3.0500,100,1,median_filtered,5,4000
2026-05-11T02:22:54.617509,22177.519985,26.180080,oscillation,robust_fallback,330,3.3000,100,314,3.1400,100,1,median_filtered,5,4000
2026-05-11T02:22:54.637565,22177.539987,26.200082,oscillation,robust_fallback,338,3.3800,100,322,3.2200,100,1,median_filtered,5,4000
2026-05-11T02:22:54.657562,22177.559990,26.220085,oscillation,robust_fallback,346,3.4600,100,330,3.3000,100,1,median_filtered,5,4000
2026-05-11T02:22:54.677590,22177.579990,26.240085,oscillation,robust_fallback,353,3.5300,100,338,3.3800,100,1,median_filtered,5,4000
2026-05-11T02:22:54.697721,22177.600023,26.260118,oscillation,robust_fallback,359,3.5900,100,346,3.4600,100,1,median_filtered,5,4000
2026-05-11T02:22:54.717572,22177.619991,26.280086,oscillation,robust_fallback,366,3.6600,100,353,3.5300,100,1,median_filtered,5,4000
2026-05-11T02:22:54.737695,22177.639999,26.300094,oscillation,robust_fallback,371,3.7100,100,359,3.5900,100,1,median_filtered,5,4000
2026-05-11T02:22:54.757567,22177.659987,26.320082,oscillation,robust_fallback,377,3.7700,100,366,3.6600,100,1,median_filtered,5,4000
2026-05-11T02:22:54.777599,22177.679994,26.340089,oscillation,robust_fallback,381,3.8100,100,371,3.7100,100,1,median_filtered,5,4000
2026-05-11T02:22:54.797590,22177.699994,26.360089,oscillation,robust_fallback,386,3.8600,100,377,3.7700,100,1,median_filtered,5,4000
2026-05-11T02:22:54.817538,22177.719988,26.380083,oscillation,robust_fallback,389,3.8900,100,381,3.8100,100,1,median_filtered,5,4000
2026-05-11T02:22:54.837590,22177.739989,26.400084,oscillation,robust_fallback,393,3.9300,100,386,3.8600,100,1,median_filtered,5,4000
2026-05-11T02:22:54.857616,22177.759995,26.420090,oscillation,robust_fallback,395,3.9500,100,389,3.8900,100,1,median_filtered,5,4000
2026-05-11T02:22:54.877646,22177.780020,26.440115,oscillation,robust_fallback,397,3.9700,100,393,3.9300,100,1,median_filtered,5,4000
2026-05-11T02:22:54.897589,22177.800016,26.460111,oscillation,robust_fallback,399,3.9900,100,395,3.9500,100,1,median_filtered,5,4000
2026-05-11T02:22:54.917545,22177.819989,26.480084,oscillation,robust_fallback,400,4.0000,100,397,3.9700,100,1,median_filtered,5,4000
2026-05-11T02:22:54.937587,22177.840010,26.500105,oscillation,robust_fallback,400,4.0000,100,399,3.9900,100,1,median_filtered,5,4000
2026-05-11T02:22:54.957544,22177.859990,26.520085,oscillation,robust_fallback,400,4.0000,100,400,4.0000,100,1,median_filtered,5,4000
2026-05-11T02:22:54.977560,22177.879991,26.540086,oscillation,robust_fallback,399,3.9900,100,400,4.0000,100,1,median_filtered,5,4000
2026-05-11T02:22:54.997548,22177.899989,26.560084,oscillation,robust_fallback,397,3.9700,100,400,4.0000,100,1,median_filtered,5,4000
2026-05-11T02:22:55.017562,22177.919986,26.580081,oscillation,robust_fallback,395,3.9500,100,399,3.9900,100,1,median_filtered,5,4000
2026-05-11T02:22:55.037540,22177.939980,26.600075,oscillation,robust_fallback,393,3.9300,100,397,3.9700,100,1,median_filtered,5,4000
2026-05-11T02:22:55.057581,22177.959990,26.620086,oscillation,robust_fallback,389,3.8900,100,395,3.9500,100,1,median_filtered,5,4000
2026-05-11T02:22:55.077526,22177.979984,26.640079,oscillation,robust_fallback,386,3.8600,100,393,3.9300,100,1,median_filtered,5,4000
2026-05-11T02:22:55.097652,22177.999999,26.660094,oscillation,robust_fallback,381,3.8100,100,389,3.8900,100,1,median_filtered,5,4000
2026-05-11T02:22:55.117499,22178.019984,26.680079,oscillation,robust_fallback,377,3.7700,100,386,3.8600,100,1,median_filtered,5,4000
2026-05-11T02:22:55.137497,22178.039981,26.700076,oscillation,robust_fallback,371,3.7100,100,381,3.8100,100,1,median_filtered,5,4000
2026-05-11T02:22:55.157540,22178.059985,26.720080,oscillation,robust_fallback,366,3.6600,100,377,3.7700,100,1,median_filtered,5,4000
2026-05-11T02:22:55.177499,22178.079981,26.740076,oscillation,robust_fallback,359,3.5900,100,371,3.7100,100,1,median_filtered,5,4000
2026-05-11T02:22:55.197513,22178.099986,26.760081,oscillation,robust_fallback,353,3.5300,100,366,3.6600,100,1,median_filtered,5,4000
2026-05-11T02:22:55.217521,22178.120014,26.780109,oscillation,robust_fallback,346,3.4600,100,359,3.5900,100,1,median_filtered,5,4000
2026-05-11T02:22:55.237482,22178.139978,26.800073,oscillation,robust_fallback,338,3.3800,100,353,3.5300,100,1,median_filtered,5,4000
2026-05-11T02:22:55.257517,22178.159983,26.820078,oscillation,robust_fallback,330,3.3000,100,346,3.4600,100,1,median_filtered,5,4000
2026-05-11T02:22:55.277616,22178.179988,26.840083,oscillation,robust_fallback,322,3.2200,100,338,3.3800,100,1,median_filtered,5,4000
2026-05-11T02:22:55.297694,22178.200017,26.860112,oscillation,robust_fallback,314,3.1400,100,330,3.3000,100,1,median_filtered,5,4000
2026-05-11T02:22:55.317494,22178.219983,26.880078,oscillation,robust_fallback,305,3.0500,100,322,3.2200,100,1,median_filtered,5,4000
2026-05-11T02:22:55.337553,22178.239988,26.900083,oscillation,robust_fallback,296,2.9600,100,314,3.1400,100,1,median_filtered,5,4000
2026-05-11T02:22:55.357544,22178.259987,26.920082,oscillation,robust_fallback,287,2.8700,100,305,3.0500,100,1,median_filtered,5,4000
2026-05-11T02:22:55.377535,22178.279988,26.940083,oscillation,robust_fallback,278,2.7800,100,296,2.9600,100,1,median_filtered,5,4000
2026-05-11T02:22:55.397499,22178.299978,26.960073,oscillation,robust_fallback,269,2.6900,100,287,2.8700,100,1,median_filtered,5,4000
2026-05-11T02:22:55.417506,22178.319984,26.980079,oscillation,robust_fallback,259,2.5900,100,278,2.7800,100,1,median_filtered,5,4000
2026-05-11T02:22:55.437520,22178.339981,27.000076,oscillation,robust_fallback,250,2.5000,100,269,2.6900,100,1,median_filtered,5,4000
2026-05-11T02:22:55.457440,22178.359975,27.020070,oscillation,robust_fallback,241,2.4100,100,259,2.5900,100,1,median_filtered,5,4000
2026-05-11T02:22:55.477513,22178.380009,27.040104,oscillation,robust_fallback,231,2.3100,100,250,2.5000,100,1,median_filtered,5,4000
2026-05-11T02:22:55.497650,22178.399988,27.060083,oscillation,robust_fallback,222,2.2200,100,241,2.4100,100,1,median_filtered,5,4000
2026-05-11T02:22:55.517573,22178.420015,27.080110,oscillation,robust_fallback,213,2.1300,100,231,2.3100,100,1,median_filtered,5,4000
2026-05-11T02:22:55.537531,22178.440012,27.100107,oscillation,robust_fallback,204,2.0400,100,222,2.2200,100,1,median_filtered,5,4000
2026-05-11T02:22:55.557486,22178.459980,27.120075,oscillation,robust_fallback,195,1.9500,100,213,2.1300,100,1,median_filtered,5,4000
2026-05-11T02:22:55.577492,22178.479979,27.140074,oscillation,robust_fallback,186,1.8600,100,204,2.0400,100,1,median_filtered,5,4000
2026-05-11T02:22:55.597541,22178.499987,27.160082,oscillation,robust_fallback,178,1.7800,100,195,1.9500,100,1,median_filtered,5,4000
2026-05-11T02:22:55.617503,22178.519985,27.180080,oscillation,robust_fallback,170,1.7000,100,186,1.8600,100,1,median_filtered,5,4000
2026-05-11T02:22:55.637492,22178.539982,27.200077,oscillation,robust_fallback,162,1.6200,100,178,1.7800,100,1,median_filtered,5,4000
2026-05-11T02:22:55.657515,22178.559987,27.220082,oscillation,robust_fallback,154,1.5400,100,170,1.7000,100,1,median_filtered,5,4000
2026-05-11T02:22:55.677479,22178.579974,27.240069,oscillation,robust_fallback,147,1.4700,100,162,1.6200,100,1,median_filtered,5,4000
2026-05-11T02:22:55.697546,22178.600014,27.260109,oscillation,robust_fallback,141,1.4100,100,154,1.5400,100,1,median_filtered,5,4000
2026-05-11T02:22:55.717550,22178.619988,27.280083,oscillation,robust_fallback,134,1.3400,100,147,1.4700,100,1,median_filtered,5,4000
2026-05-11T02:22:55.737517,22178.639983,27.300078,oscillation,robust_fallback,129,1.2900,100,141,1.4100,100,1,median_filtered,5,4000
2026-05-11T02:22:55.757562,22178.659988,27.320083,oscillation,robust_fallback,123,1.2300,100,134,1.3400,100,1,median_filtered,5,4000
2026-05-11T02:22:55.777693,22178.680017,27.340112,oscillation,robust_fallback,119,1.1900,100,129,1.2900,100,1,median_filtered,5,4000
2026-05-11T02:22:55.797473,22178.699976,27.360071,oscillation,robust_fallback,114,1.1400,100,123,1.2300,100,1,median_filtered,5,4000
2026-05-11T02:22:55.817479,22178.719979,27.380074,oscillation,robust_fallback,111,1.1100,100,119,1.1900,100,1,median_filtered,5,4000
2026-05-11T02:22:55.837561,22178.739986,27.400081,oscillation,robust_fallback,107,1.0700,100,114,1.1400,100,1,median_filtered,5,4000
2026-05-11T02:22:55.857620,22178.760018,27.420113,oscillation,robust_fallback,105,1.0500,100,111,1.1100,100,1,median_filtered,5,4000
2026-05-11T02:22:55.877555,22178.779987,27.440082,oscillation,robust_fallback,103,1.0300,100,107,1.0700,100,1,median_filtered,5,4000
2026-05-11T02:22:55.897566,22178.799989,27.460084,oscillation,robust_fallback,101,1.0100,100,105,1.0500,100,1,median_filtered,5,4000
2026-05-11T02:22:55.917530,22178.819986,27.480081,oscillation,robust_fallback,100,1.0000,100,103,1.0300,100,1,median_filtered,5,4000
2026-05-11T02:22:55.937508,22178.839980,27.500075,oscillation,robust_fallback,100,1.0000,100,101,1.0100,100,1,median_filtered,5,4000
2026-05-11T02:22:55.957580,22178.859988,27.520083,oscillation,robust_fallback,100,1.0000,100,100,1.0000,100,1,median_filtered,5,4000
2026-05-11T02:22:55.977574,22178.880022,27.540117,oscillation,robust_fallback,101,1.0100,100,100,1.0000,100,1,median_filtered,5,4000
2026-05-11T02:22:55.997556,22178.899992,27.560087,oscillation,robust_fallback,103,1.0300,100,100,1.0000,100,1,median_filtered,5,4000
2026-05-11T02:22:56.017658,22178.919984,27.580080,oscillation,robust_fallback,105,1.0500,100,101,1.0100,100,1,median_filtered,5,4000
2026-05-11T02:22:56.037505,22178.939987,27.600082,oscillation,robust_fallback,107,1.0700,100,103,1.0300,100,1,median_filtered,5,4000
2026-05-11T02:22:56.057555,22178.959988,27.620083,oscillation,robust_fallback,111,1.1100,100,105,1.0500,100,1,median_filtered,5,4000
2026-05-11T02:22:56.077602,22178.979986,27.640081,oscillation,robust_fallback,114,1.1400,100,107,1.0700,100,1,median_filtered,5,4000
2026-05-11T02:22:56.097742,22179.000044,27.660139,oscillation,robust_fallback,119,1.1900,100,111,1.1100,100,1,median_filtered,5,4000
2026-05-11T02:22:56.117540,22179.019996,27.680091,oscillation,robust_fallback,123,1.2300,100,114,1.1400,100,1,median_filtered,5,4000
2026-05-11T02:22:56.137506,22179.039983,27.700078,oscillation,robust_fallback,129,1.2900,100,119,1.1900,100,1,median_filtered,5,4000
2026-05-11T02:22:56.157499,22179.059983,27.720078,oscillation,robust_fallback,134,1.3400,100,123,1.2300,100,1,median_filtered,5,4000
2026-05-11T02:22:56.177656,22179.079985,27.740080,oscillation,robust_fallback,141,1.4100,100,129,1.2900,100,1,median_filtered,5,4000
2026-05-11T02:22:56.197531,22179.100011,27.760106,oscillation,robust_fallback,147,1.4700,100,134,1.3400,100,1,median_filtered,5,4000
2026-05-11T02:22:56.217512,22179.119994,27.780089,oscillation,robust_fallback,154,1.5400,100,141,1.4100,100,1,median_filtered,5,4000
2026-05-11T02:22:56.237522,22179.139981,27.800076,oscillation,robust_fallback,162,1.6200,100,147,1.4700,100,1,median_filtered,5,4000
2026-05-11T02:22:56.257606,22179.160010,27.820105,oscillation,robust_fallback,170,1.7000,100,154,1.5400,100,1,median_filtered,5,4000
2026-05-11T02:22:56.277513,22179.179984,27.840079,oscillation,robust_fallback,178,1.7800,100,162,1.6200,100,1,median_filtered,5,4000
2026-05-11T02:22:56.297485,22179.199978,27.860073,oscillation,robust_fallback,186,1.8600,100,170,1.7000,100,1,median_filtered,5,4000
2026-05-11T02:22:56.317506,22179.219981,27.880076,oscillation,robust_fallback,195,1.9500,100,178,1.7800,100,1,median_filtered,5,4000
2026-05-11T02:22:56.337686,22179.239985,27.900080,oscillation,robust_fallback,204,2.0400,100,186,1.8600,100,1,median_filtered,5,4000
2026-05-11T02:22:56.357525,22179.259987,27.920082,oscillation,robust_fallback,213,2.1300,100,195,1.9500,100,1,median_filtered,5,4000
2026-05-11T02:22:56.377554,22179.280014,27.940109,oscillation,robust_fallback,222,2.2200,100,204,2.0400,100,1,median_filtered,5,4000
2026-05-11T02:22:56.397519,22179.299983,27.960078,oscillation,robust_fallback,231,2.3100,100,213,2.1300,100,1,median_filtered,5,4000
2026-05-11T02:22:56.417622,22179.320015,27.980110,oscillation,robust_fallback,241,2.4100,100,222,2.2200,100,1,median_filtered,5,4000
2026-05-11T02:22:56.437595,22179.339992,28.000087,oscillation,robust_fallback,250,2.5000,100,231,2.3100,100,1,median_filtered,5,4000
2026-05-11T02:22:56.457546,22179.359988,28.020083,oscillation,robust_fallback,259,2.5900,100,241,2.4100,100,1,median_filtered,5,4000
2026-05-11T02:22:56.477545,22179.379986,28.040081,oscillation,robust_fallback,269,2.6900,100,250,2.5000,100,1,median_filtered,5,4000
2026-05-11T02:22:56.497647,22179.399999,28.060094,oscillation,robust_fallback,278,2.7800,100,259,2.5900,100,1,median_filtered,5,4000
2026-05-11T02:22:56.517590,22179.419993,28.080088,oscillation,robust_fallback,287,2.8700,100,269,2.6900,100,1,median_filtered,5,4000
2026-05-11T02:22:56.537553,22179.439986,28.100081,oscillation,robust_fallback,296,2.9600,100,278,2.7800,100,1,median_filtered,5,4000
2026-05-11T02:22:56.557646,22179.459986,28.120081,oscillation,robust_fallback,305,3.0500,100,287,2.8700,100,1,median_filtered,5,4000
2026-05-11T02:22:56.577690,22179.479999,28.140094,oscillation,robust_fallback,314,3.1400,100,296,2.9600,100,1,median_filtered,5,4000
2026-05-11T02:22:56.597491,22179.499977,28.160072,oscillation,robust_fallback,322,3.2200,100,305,3.0500,100,1,median_filtered,5,4000
2026-05-11T02:22:56.617506,22179.519982,28.180077,oscillation,robust_fallback,330,3.3000,100,314,3.1400,100,1,median_filtered,5,4000
2026-05-11T02:22:56.637512,22179.539982,28.200077,oscillation,robust_fallback,338,3.3800,100,322,3.2200,100,1,median_filtered,5,4000
2026-05-11T02:22:56.657520,22179.559986,28.220081,oscillation,robust_fallback,346,3.4600,100,330,3.3000,100,1,median_filtered,5,4000
2026-05-11T02:22:56.677525,22179.579984,28.240079,oscillation,robust_fallback,353,3.5300,100,338,3.3800,100,1,median_filtered,5,4000
2026-05-11T02:22:56.697545,22179.599992,28.260087,oscillation,robust_fallback,359,3.5900,100,346,3.4600,100,1,median_filtered,5,4000
2026-05-11T02:22:56.717488,22179.619979,28.280074,oscillation,robust_fallback,366,3.6600,100,353,3.5300,100,1,median_filtered,5,4000
2026-05-11T02:22:56.737506,22179.639976,28.300071,oscillation,robust_fallback,371,3.7100,100,359,3.5900,100,1,median_filtered,5,4000
2026-05-11T02:22:56.757541,22179.659988,28.320083,oscillation,robust_fallback,377,3.7700,100,366,3.6600,100,1,median_filtered,5,4000
2026-05-11T02:22:56.777534,22179.680017,28.340112,oscillation,robust_fallback,381,3.8100,100,371,3.7100,100,1,median_filtered,5,4000
2026-05-11T02:22:56.797512,22179.699978,28.360074,oscillation,robust_fallback,386,3.8600,100,377,3.7700,100,1,median_filtered,5,4000
2026-05-11T02:22:56.817575,22179.719989,28.380084,oscillation,robust_fallback,389,3.8900,100,381,3.8100,100,1,median_filtered,5,4000
2026-05-11T02:22:56.837543,22179.739989,28.400084,oscillation,robust_fallback,393,3.9300,100,386,3.8600,100,1,median_filtered,5,4000
2026-05-11T02:22:56.857550,22179.760017,28.420112,oscillation,robust_fallback,395,3.9500,100,389,3.8900,100,1,median_filtered,5,4000
2026-05-11T02:22:56.877512,22179.779987,28.440082,oscillation,robust_fallback,397,3.9700,100,393,3.9300,100,1,median_filtered,5,4000
2026-05-11T02:22:56.897580,22179.799989,28.460084,oscillation,robust_fallback,399,3.9900,100,395,3.9500,100,1,median_filtered,5,4000
2026-05-11T02:22:56.917645,22179.820021,28.480116,oscillation,robust_fallback,400,4.0000,100,397,3.9700,100,1,median_filtered,5,4000
2026-05-11T02:22:56.937560,22179.840019,28.500114,oscillation,robust_fallback,400,4.0000,100,399,3.9900,100,1,median_filtered,5,4000
2026-05-11T02:22:56.957562,22179.859987,28.520082,oscillation,robust_fallback,400,4.0000,100,400,4.0000,100,1,median_filtered,5,4000
2026-05-11T02:22:56.977556,22179.879986,28.540081,oscillation,robust_fallback,399,3.9900,100,400,4.0000,100,1,median_filtered,5,4000
2026-05-11T02:22:56.997756,22179.900026,28.560121,oscillation,robust_fallback,397,3.9700,100,400,4.0000,100,1,median_filtered,5,4000
2026-05-11T02:22:57.017530,22179.919990,28.580085,oscillation,robust_fallback,395,3.9500,100,399,3.9900,100,1,median_filtered,5,4000
2026-05-11T02:22:57.037483,22179.939978,28.600073,oscillation,robust_fallback,393,3.9300,100,397,3.9700,100,1,median_filtered,5,4000
2026-05-11T02:22:57.057516,22179.960000,28.620095,oscillation,robust_fallback,389,3.8900,100,395,3.9500,100,1,median_filtered,5,4000
2026-05-11T02:22:57.077492,22179.979980,28.640075,oscillation,robust_fallback,386,3.8600,100,393,3.9300,100,1,median_filtered,5,4000
2026-05-11T02:22:57.097455,22179.999974,28.660069,oscillation,robust_fallback,381,3.8100,100,389,3.8900,100,1,median_filtered,5,4000
2026-05-11T02:22:57.117511,22180.019984,28.680079,oscillation,robust_fallback,377,3.7700,100,386,3.8600,100,1,median_filtered,5,4000
2026-05-11T02:22:57.137525,22180.039986,28.700081,oscillation,robust_fallback,371,3.7100,100,381,3.8100,100,1,median_filtered,5,4000
2026-05-11T02:22:57.157551,22180.059989,28.720084,oscillation,robust_fallback,366,3.6600,100,377,3.7700,100,1,median_filtered,5,4000
2026-05-11T02:22:57.177648,22180.080017,28.740112,oscillation,robust_fallback,359,3.5900,100,371,3.7100,100,1,median_filtered,5,4000
2026-05-11T02:22:57.197503,22180.099985,28.760080,oscillation,robust_fallback,353,3.5300,100,366,3.6600,100,1,median_filtered,5,4000
2026-05-11T02:22:57.217525,22180.119986,28.780081,oscillation,robust_fallback,346,3.4600,100,359,3.5900,100,1,median_filtered,5,4000
2026-05-11T02:22:57.237524,22180.139987,28.800082,oscillation,robust_fallback,338,3.3800,100,353,3.5300,100,1,median_filtered,5,4000
2026-05-11T02:22:57.257579,22180.159995,28.820090,oscillation,robust_fallback,330,3.3000,100,346,3.4600,100,1,median_filtered,5,4000
2026-05-11T02:22:57.277506,22180.179984,28.840079,oscillation,robust_fallback,322,3.2200,100,338,3.3800,100,1,median_filtered,5,4000
2026-05-11T02:22:57.297525,22180.199985,28.860080,oscillation,robust_fallback,314,3.1400,100,330,3.3000,100,1,median_filtered,5,4000
2026-05-11T02:22:57.317602,22180.219997,28.880092,oscillation,robust_fallback,305,3.0500,100,322,3.2200,100,1,median_filtered,5,4000
2026-05-11T02:22:57.337618,22180.240021,28.900116,oscillation,robust_fallback,296,2.9600,100,314,3.1400,100,1,median_filtered,5,4000
2026-05-11T02:22:57.357548,22180.260014,28.920109,oscillation,robust_fallback,287,2.8700,100,305,3.0500,100,1,median_filtered,5,4000
2026-05-11T02:22:57.377514,22180.279986,28.940081,oscillation,robust_fallback,278,2.7800,100,296,2.9600,100,1,median_filtered,5,4000
2026-05-11T02:22:57.397505,22180.299978,28.960073,oscillation,robust_fallback,269,2.6900,100,287,2.8700,100,1,median_filtered,5,4000
2026-05-11T02:22:57.417461,22180.319976,28.980071,oscillation,robust_fallback,259,2.5900,100,278,2.7800,100,1,median_filtered,5,4000
2026-05-11T02:22:57.437535,22180.339984,29.000079,oscillation,robust_fallback,250,2.5000,100,269,2.6900,100,1,median_filtered,5,4000
2026-05-11T02:22:57.457492,22180.359980,29.020075,oscillation,robust_fallback,241,2.4100,100,259,2.5900,100,1,median_filtered,5,4000
2026-05-11T02:22:57.477575,22180.379991,29.040086,oscillation,robust_fallback,231,2.3100,100,250,2.5000,100,1,median_filtered,5,4000
2026-05-11T02:22:57.497538,22180.400011,29.060106,oscillation,robust_fallback,222,2.2200,100,241,2.4100,100,1,median_filtered,5,4000
2026-05-11T02:22:57.517535,22180.419984,29.080079,oscillation,robust_fallback,213,2.1300,100,231,2.3100,100,1,median_filtered,5,4000
2026-05-11T02:22:57.537544,22180.439988,29.100083,oscillation,robust_fallback,204,2.0400,100,222,2.2200,100,1,median_filtered,5,4000
2026-05-11T02:22:57.557534,22180.459987,29.120082,oscillation,robust_fallback,195,1.9500,100,213,2.1300,100,1,median_filtered,5,4000
2026-05-11T02:22:57.577517,22180.479980,29.140075,oscillation,robust_fallback,186,1.8600,100,204,2.0400,100,1,median_filtered,5,4000
2026-05-11T02:22:57.597547,22180.499986,29.160081,oscillation,robust_fallback,178,1.7800,100,195,1.9500,100,1,median_filtered,5,4000
2026-05-11T02:22:57.617471,22180.519980,29.180075,oscillation,robust_fallback,170,1.7000,100,186,1.8600,100,1,median_filtered,5,4000
2026-05-11T02:22:57.637526,22180.539986,29.200081,oscillation,robust_fallback,162,1.6200,100,178,1.7800,100,1,median_filtered,5,4000
2026-05-11T02:22:57.657575,22180.559991,29.220086,oscillation,robust_fallback,154,1.5400,100,170,1.7000,100,1,median_filtered,5,4000
2026-05-11T02:22:57.677474,22180.579987,29.240082,oscillation,robust_fallback,147,1.4700,100,162,1.6200,100,1,median_filtered,5,4000
2026-05-11T02:22:57.697512,22180.599981,29.260076,oscillation,robust_fallback,141,1.4100,100,154,1.5400,100,1,median_filtered,5,4000
2026-05-11T02:22:57.717481,22180.619978,29.280073,oscillation,robust_fallback,134,1.3400,100,147,1.4700,100,1,median_filtered,5,4000
2026-05-11T02:22:57.737533,22180.639986,29.300081,oscillation,robust_fallback,129,1.2900,100,141,1.4100,100,1,median_filtered,5,4000
2026-05-11T02:22:57.757610,22180.659995,29.320090,oscillation,robust_fallback,123,1.2300,100,134,1.3400,100,1,median_filtered,5,4000
2026-05-11T02:22:57.777495,22180.679981,29.340076,oscillation,robust_fallback,119,1.1900,100,129,1.2900,100,1,median_filtered,5,4000
2026-05-11T02:22:57.797541,22180.699987,29.360082,oscillation,robust_fallback,114,1.1400,100,123,1.2300,100,1,median_filtered,5,4000
2026-05-11T02:22:57.817441,22180.719972,29.380067,oscillation,robust_fallback,111,1.1100,100,119,1.1900,100,1,median_filtered,5,4000
2026-05-11T02:22:57.837540,22180.739986,29.400081,oscillation,robust_fallback,107,1.0700,100,114,1.1400,100,1,median_filtered,5,4000
2026-05-11T02:22:57.857499,22180.760008,29.420103,oscillation,robust_fallback,105,1.0500,100,111,1.1100,100,1,median_filtered,5,4000
2026-05-11T02:22:57.877547,22180.779986,29.440081,oscillation,robust_fallback,103,1.0300,100,107,1.0700,100,1,median_filtered,5,4000
2026-05-11T02:22:57.897585,22180.799990,29.460085,oscillation,robust_fallback,101,1.0100,100,105,1.0500,100,1,median_filtered,5,4000
2026-05-11T02:22:57.917544,22180.819990,29.480085,oscillation,robust_fallback,100,1.0000,100,103,1.0300,100,1,median_filtered,5,4000
2026-05-11T02:22:57.937548,22180.839987,29.500082,oscillation,robust_fallback,100,1.0000,100,101,1.0100,100,1,median_filtered,5,4000
2026-05-11T02:22:57.957486,22180.859983,29.520078,oscillation,robust_fallback,100,1.0000,100,100,1.0000,100,1,median_filtered,5,4000
2026-05-11T02:22:57.977501,22180.879992,29.540087,oscillation,robust_fallback,101,1.0100,100,100,1.0000,100,1,median_filtered,5,4000
2026-05-11T02:22:57.997507,22180.899982,29.560077,oscillation,robust_fallback,103,1.0300,100,100,1.0000,100,1,median_filtered,5,4000
2026-05-11T02:22:58.017488,22180.919980,29.580075,oscillation,robust_fallback,105,1.0500,100,101,1.0100,100,1,median_filtered,5,4000
2026-05-11T02:22:58.037556,22180.939990,29.600085,oscillation,robust_fallback,107,1.0700,100,103,1.0300,100,1,median_filtered,5,4000
2026-05-11T02:22:58.057488,22180.959979,29.620074,oscillation,robust_fallback,111,1.1100,100,105,1.0500,100,1,median_filtered,5,4000
2026-05-11T02:22:58.077559,22180.979986,29.640081,oscillation,robust_fallback,114,1.1400,100,107,1.0700,100,1,median_filtered,5,4000
2026-05-11T02:22:58.097548,22180.999985,29.660080,oscillation,robust_fallback,119,1.1900,100,111,1.1100,100,1,median_filtered,5,4000
2026-05-11T02:22:58.117555,22181.019986,29.680081,oscillation,robust_fallback,123,1.2300,100,114,1.1400,100,1,median_filtered,5,4000
2026-05-11T02:22:58.137487,22181.039981,29.700076,oscillation,robust_fallback,129,1.2900,100,119,1.1900,100,1,median_filtered,5,4000
2026-05-11T02:22:58.157490,22181.059983,29.720078,oscillation,robust_fallback,134,1.3400,100,123,1.2300,100,1,median_filtered,5,4000
2026-05-11T02:22:58.177543,22181.079986,29.740081,oscillation,robust_fallback,141,1.4100,100,129,1.2900,100,1,median_filtered,5,4000
2026-05-11T02:22:58.197555,22181.100016,29.760112,oscillation,robust_fallback,147,1.4700,100,134,1.3400,100,1,median_filtered,5,4000
2026-05-11T02:22:58.217562,22181.120017,29.780112,oscillation,robust_fallback,154,1.5400,100,141,1.4100,100,1,median_filtered,5,4000
2026-05-11T02:22:58.237455,22181.139974,29.800069,oscillation,robust_fallback,162,1.6200,100,147,1.4700,100,1,median_filtered,5,4000
2026-05-11T02:22:58.257665,22181.159989,29.820084,oscillation,robust_fallback,170,1.7000,100,154,1.5400,100,1,median_filtered,5,4000
2026-05-11T02:22:58.277532,22181.179989,29.840084,oscillation,robust_fallback,178,1.7800,100,162,1.6200,100,1,median_filtered,5,4000
2026-05-11T02:22:58.297497,22181.199977,29.860072,oscillation,robust_fallback,186,1.8600,100,170,1.7000,100,1,median_filtered,5,4000
2026-05-11T02:22:58.317524,22181.219985,29.880080,oscillation,robust_fallback,195,1.9500,100,178,1.7800,100,1,median_filtered,5,4000
2026-05-11T02:22:58.337564,22181.239990,29.900085,oscillation,robust_fallback,204,2.0400,100,186,1.8600,100,1,median_filtered,5,4000
2026-05-11T02:22:58.357548,22181.259990,29.920085,oscillation,robust_fallback,213,2.1300,100,195,1.9500,100,1,median_filtered,5,4000
2026-05-11T02:22:58.377519,22181.279985,29.940080,oscillation,robust_fallback,222,2.2200,100,204,2.0400,100,1,median_filtered,5,4000
2026-05-11T02:22:58.397554,22181.299985,29.960080,oscillation,robust_fallback,231,2.3100,100,213,2.1300,100,1,median_filtered,5,4000
2026-05-11T02:22:58.417512,22181.319985,29.980080,oscillation,robust_fallback,241,2.4100,100,222,2.2200,100,1,median_filtered,5,4000
